  0.00000E+00  0.15916E-01 -0.00000E+00  0.22534E-01 -0.00000E+00  0.90019E-02 -0.00000E+00
  0.50000E-01  0.14868E-01 -0.00000E+00  0.20781E-01 -0.00000E+00  0.83899E-02 -0.00000E+00
  0.10000E+00  0.11966E-01 -0.00000E+00  0.15939E-01 -0.00000E+00  0.66555E-02 -0.00000E+00
  0.15000E+00  0.78840E-02 -0.00000E+00  0.91694E-02 -0.00000E+00  0.40933E-02 -0.00000E+00
  0.20000E+00  0.35896E-02 -0.00000E+00  0.21223E-02 -0.00000E+00  0.11603E-02 -0.00000E+00
  0.25000E+00  0.14233E-03 -0.00000E+00 -0.34281E-02 -0.00000E+00 -0.15790E-02 -0.00000E+00
  0.30000E+00 -0.15210E-02 -0.00000E+00 -0.59678E-02 -0.00000E+00 -0.35303E-02 -0.00000E+00
  0.35000E+00 -0.77087E-03 -0.00000E+00 -0.45621E-02 -0.00000E+00 -0.41632E-02 -0.00000E+00
  0.40000E+00  0.25882E-02 -0.00000E+00  0.94378E-03 -0.00000E+00 -0.31154E-02 -0.00000E+00
  0.45000E+00  0.82953E-02 -0.00000E+00  0.99130E-02 -0.00000E+00 -0.27736E-03 -0.00000E+00
  0.50000E+00  0.15697E-01 -0.00000E+00  0.21065E-01 -0.00000E+00  0.41563E-02 -0.00000E+00
  0.55000E+00  0.23890E-01  0.42559E-01  0.32756E-01  0.66469E-01  0.96897E-02  0.62823E-01
  0.60000E+00  0.31906E-01  0.45376E-01  0.43321E-01  0.50521E-01  0.15593E-01 -0.19166E-01
  0.65000E+00  0.38900E-01  0.42803E-01  0.51402E-01  0.44039E-01  0.21024E-01 -0.27450E-01
  0.70000E+00  0.44300E-01  0.37048E-01  0.56193E-01  0.43678E-01  0.25191E-01  0.27783E-02
  0.75000E+00  0.47894E-01  0.39875E-01  0.57544E-01  0.54131E-01  0.27511E-01  0.40254E-01
  0.80000E+00  0.49833E-01  0.40715E-01  0.55940E-01  0.56059E-01  0.27744E-01  0.61157E-01
  0.85000E+00  0.50553E-01  0.52970E-01  0.52320E-01  0.60098E-01  0.26036E-01  0.58768E-01
  0.90000E+00  0.50658E-01  0.61048E-01  0.47843E-01  0.55866E-01  0.22909E-01  0.36906E-01
  0.95000E+00  0.50759E-01  0.58218E-01  0.43616E-01  0.50584E-01  0.19134E-01  0.10459E-01
  0.10000E+01  0.51336E-01  0.50109E-01  0.40473E-01  0.36407E-01  0.15574E-01 -0.98669E-02
  0.10500E+01  0.52637E-01  0.48024E-01  0.38830E-01  0.30613E-01  0.12984E-01 -0.14648E-01
  0.11000E+01  0.54634E-01  0.49001E-01  0.38655E-01  0.32330E-01  0.11859E-01 -0.49342E-02
  0.11500E+01  0.57039E-01  0.55308E-01  0.39533E-01  0.38600E-01  0.12329E-01  0.11855E-01
  0.12000E+01  0.59381E-01  0.60182E-01  0.40809E-01  0.42866E-01  0.14157E-01  0.27241E-01
  0.12500E+01  0.61114E-01  0.65487E-01  0.41776E-01  0.45839E-01  0.16814E-01  0.35264E-01
  0.13000E+01  0.61720E-01  0.63526E-01  0.41828E-01  0.44276E-01  0.19623E-01  0.35654E-01
  0.13500E+01  0.60819E-01  0.58409E-01  0.40594E-01  0.42625E-01  0.21934E-01  0.29769E-01
  0.14000E+01  0.58217E-01  0.61483E-01  0.37981E-01  0.39799E-01  0.23271E-01  0.21985E-01
  0.14500E+01  0.53933E-01  0.53856E-01  0.34167E-01  0.33929E-01  0.23428E-01  0.15764E-01
  0.15000E+01  0.48173E-01  0.46906E-01  0.29520E-01  0.29850E-01  0.22491E-01  0.14262E-01
  0.15500E+01  0.41270E-01  0.35290E-01  0.24497E-01  0.25289E-01  0.20780E-01  0.15665E-01
  0.16000E+01  0.33620E-01  0.33415E-01  0.19541E-01  0.20191E-01  0.18737E-01  0.18807E-01
  0.16500E+01  0.25616E-01  0.27845E-01  0.14996E-01  0.15491E-01  0.16793E-01  0.19747E-01
  0.17000E+01  0.17598E-01  0.18280E-01  0.11059E-01  0.92674E-02  0.15258E-01  0.19580E-01
  0.17500E+01  0.98260E-02  0.13252E-01  0.77837E-02  0.88046E-02  0.14248E-01  0.17196E-01
  0.18000E+01  0.24802E-02  0.62028E-02  0.51065E-02  0.65766E-02  0.13688E-01  0.14421E-01
  0.18500E+01 -0.43195E-02 -0.39118E-02  0.29011E-02  0.10389E-02  0.13363E-01  0.10859E-01
  0.19000E+01 -0.10489E-01 -0.13847E-01  0.10338E-02 -0.19742E-02  0.13009E-01  0.90397E-02
  0.19500E+01 -0.15957E-01 -0.19285E-01 -0.59418E-03 -0.47451E-02  0.12415E-01  0.85740E-02
  0.20000E+01 -0.20650E-01 -0.19657E-01 -0.20237E-02 -0.40357E-02  0.11499E-01  0.92121E-02
  0.20500E+01 -0.24492E-01 -0.22829E-01 -0.32374E-02 -0.26266E-02  0.10336E-01  0.89808E-02
  0.21000E+01 -0.27424E-01 -0.24666E-01 -0.41810E-02 -0.32959E-02  0.91397E-02  0.77171E-02
  0.21500E+01 -0.29420E-01 -0.28550E-01 -0.47910E-02 -0.42700E-02  0.81970E-02  0.63733E-02
  0.22000E+01 -0.30513E-01 -0.33782E-01 -0.50260E-02 -0.51512E-02  0.77799E-02  0.56916E-02
  0.22500E+01 -0.30802E-01 -0.34811E-01 -0.48861E-02 -0.65829E-02  0.80634E-02  0.55396E-02
  0.23000E+01 -0.30456E-01 -0.34570E-01 -0.44229E-02 -0.80176E-02  0.90693E-02  0.91214E-02
  0.23500E+01 -0.29696E-01 -0.35395E-01 -0.37332E-02 -0.63916E-02  0.10654E-01  0.11676E-01
  0.24000E+01 -0.28759E-01 -0.32331E-01 -0.29420E-02 -0.43440E-02  0.12541E-01  0.14568E-01
  0.24500E+01 -0.27873E-01 -0.31390E-01 -0.21810E-02 -0.46902E-02  0.14387E-01  0.16124E-01
  0.25000E+01 -0.27212E-01 -0.27687E-01 -0.15664E-02 -0.50126E-03  0.15866E-01  0.16763E-01
  0.25500E+01 -0.26877E-01 -0.25755E-01 -0.11821E-02  0.29318E-02  0.16738E-01  0.17275E-01
  0.26000E+01 -0.26883E-01 -0.26342E-01 -0.10711E-02  0.51038E-02  0.16899E-01  0.18291E-01
  0.26500E+01 -0.27167E-01 -0.24680E-01 -0.12348E-02  0.75033E-02  0.16388E-01  0.19486E-01
  0.27000E+01 -0.27608E-01 -0.26201E-01 -0.16397E-02  0.89268E-02  0.15366E-01  0.21292E-01
  0.27500E+01 -0.28056E-01 -0.26926E-01 -0.22280E-02  0.50858E-02  0.14059E-01  0.21751E-01
  0.28000E+01 -0.28366E-01 -0.30822E-01 -0.29292E-02  0.13288E-02  0.12702E-01  0.19990E-01
  0.28500E+01 -0.28424E-01 -0.28272E-01 -0.36709E-02 -0.27583E-02  0.11479E-01  0.16036E-01
  0.29000E+01 -0.28164E-01 -0.28772E-01 -0.43874E-02 -0.63807E-02  0.10493E-01  0.10534E-01
  0.29500E+01 -0.27572E-01 -0.33592E-01 -0.50246E-02 -0.11516E-01  0.97565E-02  0.43723E-02
  0.30000E+01 -0.26678E-01 -0.33229E-01 -0.55428E-02 -0.13208E-01  0.92057E-02  0.66921E-04
  0.30500E+01 -0.25541E-01 -0.31198E-01 -0.59178E-02 -0.14583E-01  0.87346E-02 -0.16212E-02
  0.31000E+01 -0.24230E-01 -0.30875E-01 -0.61405E-02 -0.13119E-01  0.82311E-02 -0.69097E-03
  0.31500E+01 -0.22807E-01 -0.23841E-01 -0.62163E-02 -0.96809E-02  0.76091E-02  0.38020E-02
  0.32000E+01 -0.21318E-01 -0.21722E-01 -0.61627E-02 -0.60309E-02  0.68269E-02  0.94944E-02
  0.32500E+01 -0.19786E-01 -0.17712E-01 -0.60074E-02 -0.49815E-02  0.58896E-02  0.13795E-01
  0.33000E+01 -0.18219E-01 -0.17321E-01 -0.57842E-02 -0.40671E-02  0.48387E-02  0.16470E-01
  0.33500E+01 -0.16614E-01 -0.12010E-01 -0.55293E-02 -0.25986E-02  0.37340E-02  0.15174E-01
  0.34000E+01 -0.14971E-01 -0.11970E-01 -0.52765E-02 -0.68179E-03  0.26348E-02  0.11078E-01
  0.34500E+01 -0.13298E-01 -0.14646E-01 -0.50520E-02 -0.10599E-02  0.15850E-02  0.40374E-02
  0.35000E+01 -0.11614E-01 -0.13869E-01 -0.48722E-02 -0.16372E-02  0.60770E-03 -0.26419E-02
  0.35500E+01 -0.99477E-02 -0.11803E-01 -0.47415E-02 -0.24672E-02 -0.29298E-03 -0.83937E-02
  0.36000E+01 -0.83310E-02 -0.10115E-01 -0.46528E-02 -0.38007E-02 -0.11247E-02 -0.10616E-01
  0.36500E+01 -0.67942E-02 -0.84322E-02 -0.45907E-02 -0.49361E-02 -0.18977E-02 -0.10833E-01
  0.37000E+01 -0.53566E-02 -0.18489E-02 -0.45347E-02 -0.62705E-02 -0.26182E-02 -0.97190E-02
  0.37500E+01 -0.40242E-02 -0.12782E-02 -0.44643E-02 -0.76759E-02 -0.32848E-02 -0.72254E-02
  0.38000E+01 -0.27891E-02 -0.18520E-02 -0.43626E-02 -0.68800E-02 -0.38906E-02 -0.51312E-02
  0.38500E+01 -0.16344E-02 -0.40641E-02 -0.42197E-02 -0.70388E-02 -0.44270E-02 -0.41024E-02
  0.39000E+01 -0.53952E-03 -0.68366E-02 -0.40336E-02 -0.48786E-02 -0.48894E-02 -0.42447E-02
  0.39500E+01  0.51200E-03 -0.58884E-02 -0.38092E-02 -0.56548E-02 -0.52801E-02 -0.54270E-02
  0.40000E+01  0.15277E-02 -0.66124E-02 -0.35568E-02 -0.57929E-02 -0.56092E-02 -0.69881E-02
  0.40500E+01  0.25040E-02 -0.19377E-02 -0.32890E-02 -0.52830E-02 -0.58917E-02 -0.84351E-02
  0.41000E+01  0.34274E-02  0.50860E-02 -0.30177E-02 -0.50898E-02 -0.61434E-02 -0.79152E-02
  0.41500E+01  0.42792E-02  0.77950E-02 -0.27522E-02 -0.43674E-02 -0.63752E-02 -0.74743E-02
  0.42000E+01  0.50406E-02  0.95552E-02 -0.24977E-02 -0.57568E-02 -0.65899E-02 -0.74258E-02
  0.42500E+01  0.56999E-02  0.12089E-01 -0.22558E-02 -0.38054E-02 -0.67823E-02 -0.59288E-02
  0.43000E+01  0.62544E-02  0.10719E-01 -0.20249E-02 -0.22031E-02 -0.69397E-02 -0.60781E-02
  0.43500E+01  0.67130E-02  0.10435E-01 -0.18024E-02 -0.33778E-02 -0.70468E-02 -0.70562E-02
  0.44000E+01  0.70935E-02  0.66195E-02 -0.15859E-02 -0.37660E-02 -0.70902E-02 -0.86040E-02
  0.44500E+01  0.74180E-02  0.58823E-02 -0.13746E-02 -0.21447E-02 -0.70619E-02 -0.99151E-02
  0.45000E+01  0.77084E-02  0.60316E-02 -0.11701E-02 -0.49481E-03 -0.69617E-02 -0.97704E-02
  0.45500E+01  0.79810E-02  0.96361E-02 -0.97576E-03  0.21184E-03 -0.67963E-02 -0.85889E-02
  0.46000E+01  0.82437E-02  0.98981E-02 -0.79657E-03  0.38870E-03 -0.65781E-02 -0.68324E-02
  0.46500E+01  0.84951E-02  0.10497E-01 -0.63760E-03  0.12989E-02 -0.63218E-02 -0.35259E-02
  0.47000E+01  0.87268E-02  0.95526E-02 -0.50302E-03  0.20211E-02 -0.60417E-02 -0.66286E-03
  0.47500E+01  0.89259E-02  0.88927E-02 -0.39521E-03  0.22769E-02 -0.57503E-02  0.13197E-03
  0.48000E+01  0.90799E-02  0.84237E-02 -0.31432E-03  0.23099E-02 -0.54578E-02 -0.12226E-02
  0.48500E+01  0.91795E-02  0.11041E-01 -0.25833E-03  0.15345E-02 -0.51720E-02 -0.36902E-02
  0.49000E+01  0.92211E-02  0.14248E-01 -0.22355E-03  0.15306E-02 -0.49004E-02 -0.70895E-02
  0.49500E+01  0.92068E-02  0.15176E-01 -0.20538E-03  0.19590E-03 -0.46503E-02 -0.89852E-02
  0.50000E+01  0.91446E-02  0.11901E-01 -0.19897E-03  0.13004E-02 -0.44291E-02 -0.10112E-01
  0.50500E+01  0.90442E-02  0.11672E-01 -0.20007E-03  0.20160E-02 -0.42436E-02 -0.94282E-02
  0.51000E+01  0.89163E-02  0.94718E-02 -0.20525E-03 -0.29112E-03 -0.40986E-02 -0.69480E-02
  0.51500E+01  0.87695E-02  0.48825E-02 -0.21220E-03  0.15300E-02 -0.39955E-02 -0.37508E-02
  0.52000E+01  0.86097E-02  0.34289E-02 -0.21947E-03  0.23832E-02 -0.39312E-02 -0.17103E-02
  0.52500E+01  0.84398E-02  0.37056E-02 -0.22632E-03  0.38138E-03 -0.38983E-02 -0.10496E-02
  0.53000E+01  0.82607E-02  0.37589E-02 -0.23240E-03 -0.38952E-03 -0.38864E-02 -0.10784E-02
  0.53500E+01  0.80724E-02  0.59527E-02 -0.23754E-03 -0.50810E-03 -0.38838E-02 -0.18728E-02
  0.54000E+01  0.78747E-02  0.72029E-02 -0.24156E-03  0.53771E-03 -0.38799E-02 -0.24068E-02
  0.54500E+01  0.76692E-02  0.88994E-02 -0.24431E-03 -0.19179E-02 -0.38675E-02 -0.17436E-02
  0.55000E+01  0.74579E-02  0.10541E-01 -0.24564E-03 -0.15639E-02 -0.38431E-02 -0.54237E-03
  0.55500E+01  0.72439E-02  0.12126E-01 -0.24549E-03 -0.73078E-03 -0.38076E-02  0.13263E-02
  0.56000E+01  0.70303E-02  0.15658E-01 -0.24386E-03 -0.99479E-03 -0.37647E-02  0.31085E-02
  0.56500E+01  0.68189E-02  0.15220E-01 -0.24080E-03 -0.65868E-03 -0.37189E-02  0.39889E-02
  0.57000E+01  0.66105E-02  0.14304E-01 -0.23628E-03 -0.13814E-02 -0.36746E-02  0.33042E-02
  0.57500E+01  0.64042E-02  0.14176E-01 -0.23009E-03 -0.81801E-04 -0.36333E-02  0.10004E-02
  0.58000E+01  0.61978E-02  0.11881E-01 -0.22171E-03 -0.11341E-02 -0.35945E-02 -0.28147E-02
  0.58500E+01  0.59889E-02  0.11401E-01 -0.21036E-03 -0.18706E-02 -0.35546E-02 -0.63043E-02
  0.59000E+01  0.57753E-02  0.11280E-01 -0.19498E-03 -0.24407E-02 -0.35090E-02 -0.95842E-02
  0.59500E+01  0.55553E-02  0.51616E-02 -0.17444E-03 -0.49652E-02 -0.34530E-02 -0.11601E-01
  0.60000E+01  0.53286E-02  0.33957E-02 -0.14773E-03 -0.51433E-02 -0.33830E-02 -0.12528E-01
  0.60500E+01  0.50959E-02  0.36530E-02 -0.11419E-03 -0.34049E-02 -0.32976E-02 -0.10574E-01
  0.61000E+01  0.48581E-02  0.52170E-02 -0.73610E-04 -0.39282E-02 -0.31975E-02 -0.97232E-02
  0.61500E+01  0.46167E-02  0.71419E-02 -0.26365E-04 -0.30055E-02 -0.30856E-02 -0.78519E-02
  0.62000E+01  0.43726E-02  0.81747E-02  0.26688E-04 -0.27973E-02 -0.29655E-02 -0.68304E-02
  0.62500E+01  0.41265E-02  0.86916E-02  0.84293E-04 -0.31030E-02 -0.28412E-02 -0.57107E-02
  0.63000E+01  0.38784E-02  0.79508E-02  0.14503E-03 -0.16787E-02 -0.27157E-02 -0.49198E-02
  0.63500E+01  0.36286E-02  0.95239E-02  0.20744E-03 -0.31464E-02 -0.25912E-02 -0.45070E-02
  0.64000E+01  0.33777E-02  0.78098E-02  0.27024E-03 -0.83699E-03 -0.24682E-02 -0.44252E-02
  0.64500E+01  0.31271E-02  0.87694E-02  0.33236E-03  0.52513E-03 -0.23466E-02 -0.42831E-02
  0.65000E+01  0.28791E-02  0.65056E-02  0.39294E-03  0.54625E-03 -0.22256E-02 -0.38975E-02
  0.65500E+01  0.26369E-02  0.51976E-02  0.45131E-03  0.41912E-03 -0.21045E-02 -0.41040E-02
  0.66000E+01  0.24040E-02  0.57189E-02  0.50685E-03  0.11901E-02 -0.19828E-02 -0.43800E-02
  0.66500E+01  0.21837E-02  0.69364E-02  0.55895E-03  0.22528E-02 -0.18606E-02 -0.35005E-02
  0.67000E+01  0.19783E-02  0.38657E-02  0.60696E-03  0.36141E-02 -0.17385E-02 -0.31146E-02
  0.67500E+01  0.17892E-02  0.17819E-02  0.65017E-03  0.20170E-02 -0.16174E-02 -0.22600E-02
  0.68000E+01  0.16158E-02  0.31372E-02  0.68790E-03  0.29572E-02 -0.14984E-02 -0.11196E-02
  0.68500E+01  0.14563E-02  0.43141E-02  0.71958E-03  0.35923E-02 -0.13826E-02 -0.12915E-03
  0.69000E+01  0.13076E-02  0.30348E-02  0.74479E-03  0.65294E-02 -0.12710E-02  0.90620E-03
  0.69500E+01  0.11662E-02  0.26718E-02  0.76337E-03  0.42786E-02 -0.11645E-02  0.23985E-02
  0.70000E+01  0.10285E-02  0.55208E-03  0.77544E-03  0.34117E-02 -0.10641E-02  0.31188E-02
  0.70500E+01  0.89158E-03  0.29439E-02  0.78128E-03  0.56326E-02 -0.97055E-03  0.31130E-02
  0.71000E+01  0.75352E-03  0.21497E-02  0.78137E-03  0.33055E-02 -0.88463E-03  0.27464E-02
  0.71500E+01  0.61352E-03  0.10719E-02  0.77624E-03  0.25894E-02 -0.80693E-03  0.23708E-02
  0.72000E+01  0.47188E-03  0.30392E-03  0.76639E-03  0.21592E-02 -0.73783E-03  0.21839E-02
  0.72500E+01  0.32974E-03 -0.91764E-03  0.75226E-03  0.45928E-02 -0.67739E-03  0.14567E-02
  0.73000E+01  0.18874E-03 -0.35400E-03  0.73424E-03  0.46223E-02 -0.62526E-03  0.22617E-02
  0.73500E+01  0.50743E-04 -0.15037E-02  0.71262E-03  0.46471E-02 -0.58076E-03  0.26915E-02
  0.74000E+01 -0.82522E-04  0.53887E-03  0.68766E-03  0.49770E-02 -0.54295E-03  0.41915E-02
  0.74500E+01 -0.20965E-03 -0.16785E-02  0.65970E-03  0.57404E-02 -0.51068E-03  0.47824E-02
  0.75000E+01 -0.32957E-03 -0.17051E-02  0.62905E-03  0.44725E-02 -0.48280E-03  0.56255E-02
  0.75500E+01 -0.44169E-03 -0.66931E-03  0.59617E-03  0.35184E-02 -0.45823E-03  0.52017E-02
  0.76000E+01 -0.54578E-03 -0.31302E-02  0.56159E-03  0.31316E-02 -0.43601E-03  0.45399E-02
  0.76500E+01 -0.64195E-03 -0.54401E-02  0.52585E-03  0.26330E-03 -0.41536E-03  0.41603E-02
  0.77000E+01 -0.73045E-03 -0.20169E-02  0.48951E-03  0.70425E-03 -0.39565E-03  0.33309E-02
  0.77500E+01 -0.81183E-03 -0.33766E-02  0.45313E-03  0.20491E-02 -0.37633E-03  0.23044E-02
  0.78000E+01 -0.88664E-03 -0.63084E-02  0.41719E-03  0.19203E-02 -0.35701E-03  0.19183E-02
  0.78500E+01 -0.95550E-03 -0.38569E-02  0.38211E-03  0.18555E-02 -0.33733E-03  0.24232E-02
  0.79000E+01 -0.10191E-02 -0.25914E-02  0.34825E-03 -0.17090E-03 -0.31707E-03  0.17178E-02
  0.79500E+01 -0.10778E-02 -0.31178E-02  0.31586E-03  0.42733E-03 -0.29609E-03  0.26890E-03
  0.80000E+01 -0.11321E-02 -0.33352E-02  0.28516E-03  0.42422E-03 -0.27437E-03 -0.38275E-03
  0.80500E+01 -0.11824E-02 -0.60344E-02  0.25629E-03 -0.97316E-03 -0.25195E-03 -0.11939E-02
  0.81000E+01 -0.12285E-02 -0.53829E-02  0.22931E-03 -0.22417E-02 -0.22893E-03 -0.21931E-02
  0.81500E+01 -0.12705E-02 -0.49507E-02  0.20421E-03 -0.36525E-02 -0.20534E-03 -0.23747E-02
  0.82000E+01 -0.13082E-02 -0.70350E-02  0.18090E-03 -0.38432E-02 -0.18114E-03 -0.24036E-02
  0.82500E+01 -0.13415E-02 -0.60529E-02  0.15922E-03 -0.24813E-02 -0.15619E-03 -0.29927E-02
  0.83000E+01 -0.13704E-02 -0.69362E-02  0.13895E-03 -0.28941E-02 -0.13022E-03 -0.21550E-02
  0.83500E+01 -0.13949E-02 -0.61960E-02  0.11984E-03 -0.35552E-02 -0.10295E-03 -0.22823E-02
  0.84000E+01 -0.14152E-02 -0.54419E-02  0.10164E-03 -0.28318E-02 -0.74145E-04 -0.30815E-02
  0.84500E+01 -0.14317E-02 -0.72627E-02  0.84155E-04 -0.16570E-02 -0.43697E-04 -0.35366E-02
  0.85000E+01 -0.14449E-02 -0.84665E-02  0.67229E-04 -0.18554E-02 -0.11721E-04 -0.56528E-02
  0.85500E+01 -0.14553E-02 -0.83899E-02  0.50805E-04 -0.17968E-02  0.21435E-04 -0.75384E-02
  0.86000E+01 -0.14636E-02 -0.75878E-02  0.34898E-04 -0.16268E-02  0.55220E-04 -0.77534E-02
  0.86500E+01 -0.14700E-02 -0.94638E-02  0.19588E-04 -0.21836E-02  0.88958E-04 -0.73507E-02
  0.87000E+01 -0.14751E-02 -0.93517E-02  0.49891E-05 -0.26911E-02  0.12197E-03 -0.62029E-02
  0.87500E+01 -0.14790E-02 -0.10370E-01 -0.87800E-05 -0.41403E-02  0.15367E-03 -0.50274E-02
  0.88000E+01 -0.14817E-02 -0.83018E-02 -0.21617E-04 -0.32361E-02  0.18366E-03 -0.41056E-02
  0.88500E+01 -0.14832E-02 -0.83405E-02 -0.33465E-04 -0.20266E-02  0.21176E-03 -0.38804E-02
  0.89000E+01 -0.14832E-02 -0.82913E-02 -0.44317E-04 -0.25742E-03  0.23800E-03 -0.47672E-02
  0.89500E+01 -0.14816E-02 -0.61475E-02 -0.54199E-04 -0.13768E-02  0.26252E-03 -0.52652E-02
  0.90000E+01 -0.14782E-02 -0.69575E-02 -0.63172E-04 -0.45433E-03  0.28554E-03 -0.61824E-02
  0.90500E+01 -0.14727E-02 -0.64726E-02 -0.71308E-04 -0.10447E-02  0.30720E-03 -0.64069E-02
  0.91000E+01 -0.14650E-02 -0.47369E-02 -0.78680E-04  0.64687E-04  0.32756E-03 -0.58756E-02
  0.91500E+01 -0.14551E-02 -0.23855E-02 -0.85345E-04  0.17729E-02  0.34656E-03 -0.47566E-02
  0.92000E+01 -0.14431E-02 -0.27689E-02 -0.91352E-04  0.17075E-02  0.36402E-03 -0.79760E-03
  0.92500E+01 -0.14290E-02 -0.36191E-02 -0.96739E-04  0.20214E-02  0.37972E-03  0.28634E-02
  0.93000E+01 -0.14131E-02 -0.48062E-02 -0.10154E-03  0.27459E-02  0.39346E-03  0.54998E-02
  0.93500E+01 -0.13955E-02 -0.53045E-02 -0.10579E-03  0.50485E-02  0.40513E-03  0.75088E-02
  0.94000E+01 -0.13766E-02 -0.39119E-02 -0.10955E-03  0.58271E-02  0.41474E-03  0.87661E-02
  0.94500E+01 -0.13564E-02 -0.49889E-02 -0.11286E-03  0.44814E-02  0.42243E-03  0.96634E-02
  0.95000E+01 -0.13354E-02 -0.49846E-02 -0.11579E-03  0.22281E-02  0.42846E-03  0.10218E-01
  0.95500E+01 -0.13135E-02 -0.25599E-02 -0.11838E-03  0.29729E-02  0.43312E-03  0.97655E-02
  0.96000E+01 -0.12909E-02 -0.22292E-02 -0.12068E-03  0.37615E-02  0.43675E-03  0.87226E-02
  0.96500E+01 -0.12677E-02 -0.56821E-02 -0.12270E-03  0.13735E-02  0.43962E-03  0.73901E-02
  0.97000E+01 -0.12439E-02 -0.85521E-02 -0.12442E-03  0.58961E-03  0.44195E-03  0.61232E-02
  0.97500E+01 -0.12194E-02 -0.74327E-02 -0.12580E-03 -0.17752E-03  0.44386E-03  0.49553E-02
  0.98000E+01 -0.11941E-02 -0.72553E-02 -0.12680E-03  0.95038E-03  0.44542E-03  0.36815E-02
  0.98500E+01 -0.11681E-02 -0.57193E-02 -0.12735E-03  0.50100E-03  0.44668E-03  0.29503E-02
  0.99000E+01 -0.11414E-02 -0.69033E-02 -0.12739E-03 -0.24801E-03  0.44765E-03  0.29785E-02
  0.99500E+01 -0.11138E-02 -0.63121E-02 -0.12688E-03 -0.15624E-03  0.44836E-03  0.34316E-02
  0.10000E+02 -0.10856E-02 -0.48117E-02 -0.12578E-03  0.45022E-03  0.44888E-03  0.39635E-02
  0.10050E+02 -0.10568E-02 -0.32470E-02 -0.12411E-03  0.52858E-03  0.44928E-03  0.46541E-02
  0.10100E+02 -0.10274E-02 -0.18027E-02 -0.12187E-03 -0.14306E-02  0.44966E-03  0.45856E-02
  0.10150E+02 -0.99782E-03 -0.12268E-02 -0.11908E-03 -0.14883E-02  0.45006E-03  0.39652E-02
  0.10200E+02 -0.96806E-03 -0.43506E-02 -0.11580E-03 -0.14910E-02  0.45053E-03  0.32197E-02
  0.10250E+02 -0.93836E-03 -0.40851E-02 -0.11206E-03 -0.19614E-02  0.45104E-03  0.25431E-02
  0.10300E+02 -0.90888E-03 -0.26259E-02 -0.10792E-03 -0.15191E-02  0.45150E-03  0.20647E-02
  0.10350E+02 -0.87981E-03 -0.34058E-02 -0.10341E-03 -0.22164E-02  0.45178E-03  0.22653E-02
  0.10400E+02 -0.85129E-03 -0.40313E-02 -0.98575E-04 -0.22425E-02  0.45173E-03  0.31655E-02
  0.10450E+02 -0.82344E-03 -0.27473E-02 -0.93461E-04 -0.26310E-02  0.45112E-03  0.37645E-02
  0.10500E+02 -0.79637E-03 -0.34865E-02 -0.88112E-04 -0.26359E-02  0.44980E-03  0.36662E-02
  0.10550E+02 -0.77013E-03 -0.54011E-02 -0.82574E-04 -0.26714E-02  0.44756E-03  0.30889E-02
  0.10600E+02 -0.74476E-03 -0.29171E-02 -0.76899E-04 -0.26871E-02  0.44426E-03  0.23304E-02
  0.10650E+02 -0.72026E-03 -0.16181E-02 -0.71145E-04 -0.31033E-02  0.43977E-03  0.22926E-02
  0.10700E+02 -0.69661E-03 -0.24060E-02 -0.65376E-04 -0.30128E-02  0.43405E-03  0.21153E-02
  0.10750E+02 -0.67377E-03  0.86886E-03 -0.59652E-04 -0.34780E-02  0.42706E-03  0.14448E-02
  0.10800E+02 -0.65167E-03  0.23834E-02 -0.54033E-04 -0.28827E-02  0.41879E-03  0.17528E-02
  0.10850E+02 -0.63024E-03  0.25647E-02 -0.48576E-04 -0.17632E-02  0.40934E-03  0.25703E-02
  0.10900E+02 -0.60941E-03  0.42112E-02 -0.43324E-04 -0.23325E-02  0.39878E-03  0.31350E-02
  0.10950E+02 -0.58912E-03  0.26110E-02 -0.38313E-04 -0.22469E-02  0.38723E-03  0.39601E-02
  0.11000E+02 -0.56932E-03  0.21212E-02 -0.33566E-04 -0.11470E-02  0.37487E-03  0.44309E-02
  0.11050E+02 -0.54995E-03  0.88613E-03 -0.29091E-04 -0.16353E-02  0.36184E-03  0.40572E-02
  0.11100E+02 -0.53099E-03  0.86182E-03 -0.24887E-04 -0.10730E-02  0.34832E-03  0.35086E-02
  0.11150E+02 -0.51243E-03  0.23105E-02 -0.20939E-04 -0.15097E-02  0.33447E-03  0.28868E-02
  0.11200E+02 -0.49424E-03  0.29616E-02 -0.17227E-04 -0.95286E-03  0.32043E-03  0.24086E-02
  0.11250E+02 -0.47643E-03  0.12277E-02 -0.13719E-04  0.11439E-02  0.30632E-03  0.17707E-02
  0.11300E+02 -0.45900E-03  0.28116E-02 -0.10380E-04  0.58732E-03  0.29222E-03  0.14405E-02
  0.11350E+02 -0.44194E-03  0.44098E-02 -0.71713E-05  0.12114E-02  0.27819E-03  0.19891E-02
  0.11400E+02 -0.42528E-03  0.35614E-02 -0.40526E-05  0.20036E-02  0.26425E-03  0.23963E-02
  0.11450E+02 -0.40900E-03  0.54604E-02 -0.98152E-06  0.14020E-02  0.25040E-03  0.33896E-02
  0.11500E+02 -0.39312E-03  0.51409E-02  0.20825E-05  0.12300E-02  0.23663E-03  0.37674E-02
  0.11550E+02 -0.37764E-03  0.39707E-02  0.51772E-05  0.19676E-02  0.22292E-03  0.44485E-02
  0.11600E+02 -0.36260E-03  0.85295E-02  0.83379E-05  0.12029E-02  0.20923E-03  0.44684E-02
  0.11650E+02 -0.34800E-03  0.79571E-02  0.11595E-04  0.11800E-02  0.19554E-03  0.38230E-02
  0.11700E+02 -0.33387E-03  0.53938E-02  0.14971E-04  0.11973E-02  0.18183E-03  0.31894E-02
  0.11750E+02 -0.32025E-03  0.60297E-02  0.18484E-04  0.30577E-04  0.16809E-03  0.28769E-02
  0.11800E+02 -0.30716E-03  0.92839E-02  0.22144E-04 -0.21058E-03  0.15429E-03  0.21568E-02
  0.11850E+02 -0.29465E-03  0.80636E-02  0.25948E-04  0.87466E-03  0.14042E-03  0.84315E-03
  0.11900E+02 -0.28274E-03  0.61495E-02  0.29891E-04  0.34937E-03  0.12649E-03 -0.36876E-03
  0.11950E+02 -0.27146E-03  0.74384E-02  0.33956E-04 -0.20401E-03  0.11249E-03 -0.86924E-03
  0.12000E+02 -0.26084E-03  0.10339E-01  0.38120E-04  0.19107E-03  0.98406E-04 -0.83954E-03
  0.12050E+02 -0.25091E-03  0.11638E-01  0.42353E-04 -0.26485E-03  0.84237E-04 -0.62993E-03
  0.12100E+02 -0.24168E-03  0.93354E-02  0.46621E-04  0.14068E-03  0.69979E-04 -0.49003E-03
  0.12150E+02 -0.23315E-03  0.89072E-02  0.50889E-04  0.54879E-03  0.55627E-04 -0.60778E-03
  0.12200E+02 -0.22534E-03  0.80231E-02  0.55119E-04  0.62291E-03  0.41187E-04 -0.25101E-03
  0.12250E+02 -0.21822E-03  0.64454E-02  0.59274E-04  0.84628E-03  0.26654E-04 -0.24542E-03
  0.12300E+02 -0.21180E-03  0.66325E-02  0.63318E-04  0.12805E-03  0.12046E-04 -0.67294E-03
  0.12350E+02 -0.20604E-03  0.67166E-02  0.67217E-04 -0.63651E-03 -0.26257E-05 -0.16155E-02
  0.12400E+02 -0.20092E-03  0.75395E-02  0.70940E-04 -0.70023E-04 -0.17336E-04 -0.20824E-02
  0.12450E+02 -0.19642E-03  0.82242E-02  0.74457E-04 -0.11892E-03 -0.32058E-04 -0.28947E-02
  0.12500E+02 -0.19250E-03  0.66305E-02  0.77745E-04 -0.87136E-03 -0.46753E-04 -0.34972E-02
  0.12550E+02 -0.18912E-03  0.76225E-02  0.80778E-04 -0.18351E-02 -0.61382E-04 -0.39490E-02
  0.12600E+02 -0.18624E-03  0.85757E-02  0.83535E-04 -0.15988E-02 -0.75902E-04 -0.41760E-02
  0.12650E+02 -0.18384E-03  0.79852E-02  0.85996E-04 -0.49910E-03 -0.90263E-04 -0.40378E-02
  0.12700E+02 -0.18187E-03  0.74398E-02  0.88144E-04  0.59667E-03 -0.10442E-03 -0.39383E-02
  0.12750E+02 -0.18030E-03  0.51366E-02  0.89963E-04  0.13032E-02 -0.11833E-03 -0.34025E-02
  0.12800E+02 -0.17909E-03  0.10158E-02  0.91443E-04  0.83800E-03 -0.13194E-03 -0.31340E-02
  0.12850E+02 -0.17821E-03  0.26665E-02  0.92570E-04  0.36657E-03 -0.14522E-03 -0.36220E-02
  0.12900E+02 -0.17762E-03  0.51243E-02  0.93341E-04  0.44574E-03 -0.15813E-03 -0.38884E-02
  0.12950E+02 -0.17729E-03  0.40835E-02  0.93753E-04 -0.11171E-04 -0.17063E-03 -0.31714E-02
  0.13000E+02 -0.17719E-03  0.41463E-02  0.93805E-04  0.29869E-03 -0.18272E-03 -0.26249E-02
  0.13050E+02 -0.17727E-03  0.50524E-02  0.93505E-04  0.11031E-02 -0.19436E-03 -0.21769E-02
  0.13100E+02 -0.17751E-03  0.45320E-02  0.92859E-04  0.98011E-03 -0.20554E-03 -0.18223E-02
  0.13150E+02 -0.17786E-03  0.36290E-02  0.91880E-04  0.18059E-02 -0.21626E-03 -0.18969E-02
  0.13200E+02 -0.17829E-03  0.31085E-02  0.90584E-04  0.15749E-02 -0.22650E-03 -0.14143E-02
  0.13250E+02 -0.17876E-03  0.47930E-02  0.88990E-04  0.19057E-02 -0.23628E-03 -0.77849E-03
  0.13300E+02 -0.17924E-03  0.53694E-02  0.87117E-04  0.17399E-02 -0.24560E-03 -0.99087E-03
  0.13350E+02 -0.17970E-03  0.19294E-02  0.84987E-04  0.11165E-02 -0.25445E-03 -0.17710E-02
  0.13400E+02 -0.18009E-03 -0.11584E-02  0.82622E-04  0.16116E-02 -0.26286E-03 -0.18977E-02
  0.13450E+02 -0.18041E-03 -0.14123E-02  0.80045E-04  0.86466E-03 -0.27083E-03 -0.21778E-02
  0.13500E+02 -0.18063E-03 -0.19559E-03  0.77279E-04 -0.18413E-03 -0.27836E-03 -0.29498E-02
  0.13550E+02 -0.18073E-03 -0.12888E-02  0.74344E-04  0.35679E-03 -0.28547E-03 -0.37935E-02
  0.13600E+02 -0.18069E-03 -0.23734E-02  0.71261E-04  0.11195E-02 -0.29217E-03 -0.42227E-02
  0.13650E+02 -0.18050E-03 -0.12156E-02  0.68051E-04  0.10298E-03 -0.29846E-03 -0.41056E-02
  0.13700E+02 -0.18017E-03  0.17716E-02  0.64731E-04 -0.74176E-03 -0.30435E-03 -0.45814E-02
  0.13750E+02 -0.17968E-03  0.19486E-02  0.61316E-04 -0.11912E-04 -0.30984E-03 -0.49894E-02
  0.13800E+02 -0.17904E-03  0.21136E-02  0.57823E-04 -0.11489E-03 -0.31493E-03 -0.44010E-02
  0.13850E+02 -0.17826E-03  0.37061E-02  0.54264E-04 -0.25507E-03 -0.31965E-03 -0.38093E-02
  0.13900E+02 -0.17733E-03  0.27823E-02  0.50652E-04  0.59306E-03 -0.32399E-03 -0.34024E-02
  0.13950E+02 -0.17627E-03  0.10692E-02  0.46996E-04  0.14076E-02 -0.32795E-03 -0.23981E-02
  0.14000E+02 -0.17509E-03 -0.22144E-03  0.43307E-04  0.93947E-03 -0.33154E-03 -0.91529E-03
  0.14050E+02 -0.17381E-03 -0.16274E-02  0.39594E-04  0.90271E-03 -0.33479E-03 -0.10030E-03
  0.14100E+02 -0.17242E-03 -0.22067E-02  0.35862E-04  0.20746E-02 -0.33768E-03  0.12344E-03
  0.14150E+02 -0.17094E-03 -0.13164E-02  0.32121E-04  0.18114E-02 -0.34024E-03  0.54648E-03
  0.14200E+02 -0.16940E-03 -0.13100E-02  0.28375E-04  0.11912E-02 -0.34248E-03  0.14767E-02
  0.14250E+02 -0.16778E-03 -0.17067E-02  0.24631E-04  0.11074E-02 -0.34440E-03  0.17706E-02
  0.14300E+02 -0.16611E-03 -0.10372E-04  0.20895E-04  0.83260E-03 -0.34603E-03  0.11786E-02
  0.14350E+02 -0.16440E-03 -0.23735E-03  0.17171E-04  0.13031E-02 -0.34737E-03  0.54714E-03
  0.14400E+02 -0.16264E-03 -0.20874E-02  0.13465E-04  0.20913E-02 -0.34845E-03  0.60984E-03
  0.14450E+02 -0.16085E-03 -0.27160E-02  0.97841E-05  0.24095E-02 -0.34927E-03  0.55559E-03
  0.14500E+02 -0.15903E-03 -0.32339E-02  0.61334E-05  0.15615E-02 -0.34986E-03 -0.21355E-03
  0.14550E+02 -0.15719E-03 -0.43069E-02  0.25173E-05  0.38172E-03 -0.35023E-03 -0.69943E-03
  0.14600E+02 -0.15531E-03 -0.57955E-02 -0.10569E-05  0.52407E-04 -0.35038E-03 -0.95602E-03
  0.14650E+02 -0.15342E-03 -0.59494E-02 -0.45839E-05  0.65881E-03 -0.35035E-03 -0.11214E-02
  0.14700E+02 -0.15150E-03 -0.40281E-02 -0.80587E-05  0.10955E-02 -0.35015E-03 -0.13486E-02
  0.14750E+02 -0.14956E-03 -0.26886E-02 -0.11475E-04  0.20205E-02 -0.34978E-03 -0.17623E-02
  0.14800E+02 -0.14759E-03 -0.28446E-02 -0.14830E-04  0.25502E-02 -0.34927E-03 -0.23937E-02
  0.14850E+02 -0.14559E-03 -0.42513E-02 -0.18117E-04  0.86428E-03 -0.34862E-03 -0.33590E-02
  0.14900E+02 -0.14358E-03 -0.59573E-02 -0.21333E-04 -0.13121E-02 -0.34784E-03 -0.38157E-02
  0.14950E+02 -0.14153E-03 -0.74498E-02 -0.24474E-04 -0.15244E-02 -0.34696E-03 -0.37660E-02
  0.15000E+02 -0.13945E-03 -0.86578E-02 -0.27538E-04 -0.17060E-02 -0.34596E-03 -0.35781E-02
  0.15050E+02 -0.13735E-03 -0.91006E-02 -0.30522E-04 -0.19751E-02 -0.34487E-03 -0.35829E-02
  0.15100E+02 -0.13522E-03 -0.78559E-02 -0.33424E-04 -0.79655E-03 -0.34369E-03 -0.37513E-02
  0.15150E+02 -0.13307E-03 -0.57314E-02 -0.36242E-04  0.85907E-03 -0.34243E-03 -0.36361E-02
  0.15200E+02 -0.13088E-03 -0.66679E-02 -0.38973E-04  0.97658E-03 -0.34108E-03 -0.35523E-02
  0.15250E+02 -0.12867E-03 -0.11175E-01 -0.41617E-04  0.53162E-04 -0.33966E-03 -0.32229E-02
  0.15300E+02 -0.12643E-03 -0.12781E-01 -0.44173E-04 -0.14831E-03 -0.33816E-03 -0.25508E-02
  0.15350E+02 -0.12417E-03 -0.10285E-01 -0.46637E-04 -0.44137E-03 -0.33659E-03 -0.24612E-02
  0.15400E+02 -0.12189E-03 -0.83685E-02 -0.49010E-04 -0.14604E-02 -0.33494E-03 -0.21591E-02
  0.15450E+02 -0.11959E-03 -0.76704E-02 -0.51290E-04 -0.98862E-03 -0.33323E-03 -0.12799E-02
  0.15500E+02 -0.11726E-03 -0.71399E-02 -0.53474E-04  0.48653E-03 -0.33144E-03 -0.84639E-03
  0.15550E+02 -0.11493E-03 -0.76454E-02 -0.55561E-04  0.25672E-04 -0.32958E-03 -0.11186E-02
  0.15600E+02 -0.11258E-03 -0.82275E-02 -0.57552E-04 -0.11152E-02 -0.32766E-03 -0.11724E-02
  0.15650E+02 -0.11021E-03 -0.77056E-02 -0.59442E-04 -0.13899E-02 -0.32566E-03 -0.10174E-02
  0.15700E+02 -0.10784E-03 -0.59380E-02 -0.61232E-04 -0.20076E-02 -0.32359E-03 -0.80119E-03
  0.15750E+02 -0.10547E-03 -0.38674E-02 -0.62921E-04 -0.20610E-02 -0.32145E-03 -0.51209E-03
  0.15800E+02 -0.10310E-03 -0.36244E-02 -0.64507E-04 -0.16500E-02 -0.31924E-03 -0.18457E-03
  0.15850E+02 -0.10072E-03 -0.34371E-02 -0.65991E-04 -0.19556E-02 -0.31697E-03  0.63743E-03
  0.15900E+02 -0.98354E-04 -0.34013E-02 -0.67373E-04 -0.15194E-02 -0.31463E-03  0.13986E-02
  0.15950E+02 -0.95994E-04 -0.37360E-02 -0.68652E-04 -0.36673E-03 -0.31223E-03  0.15122E-02
  0.16000E+02 -0.93646E-04 -0.36507E-02 -0.69829E-04 -0.57320E-03 -0.30977E-03  0.12101E-02
  0.16050E+02 -0.91313E-04 -0.39816E-02 -0.70904E-04 -0.16709E-02 -0.30725E-03  0.10528E-02
  0.16100E+02 -0.88999E-04 -0.49127E-02 -0.71879E-04 -0.26563E-02 -0.30468E-03  0.14820E-02
  0.16150E+02 -0.86704E-04 -0.52597E-02 -0.72755E-04 -0.29858E-02 -0.30206E-03  0.19265E-02
  0.16200E+02 -0.84433E-04 -0.36586E-02 -0.73534E-04 -0.24095E-02 -0.29939E-03  0.20550E-02
  0.16250E+02 -0.82188E-04 -0.16876E-03 -0.74218E-04 -0.10440E-02 -0.29668E-03  0.19205E-02
  0.16300E+02 -0.79970E-04  0.18775E-02 -0.74807E-04 -0.68732E-05 -0.29394E-03  0.14089E-02
  0.16350E+02 -0.77782E-04  0.13401E-02 -0.75305E-04  0.13132E-03 -0.29116E-03  0.12052E-02
  0.16400E+02 -0.75625E-04 -0.21010E-03 -0.75715E-04 -0.46259E-03 -0.28836E-03  0.10638E-02
  0.16450E+02 -0.73501E-04 -0.98423E-03 -0.76037E-04 -0.16598E-02 -0.28554E-03  0.61341E-03
  0.16500E+02 -0.71412E-04 -0.74863E-03 -0.76276E-04 -0.23005E-02 -0.28269E-03  0.36392E-03
  0.16550E+02 -0.69358E-04  0.13439E-03 -0.76433E-04 -0.14692E-02 -0.27983E-03  0.20921E-03
  0.16600E+02 -0.67340E-04  0.18641E-02 -0.76513E-04 -0.68343E-03 -0.27697E-03  0.40847E-03
  0.16650E+02 -0.65358E-04  0.34547E-02 -0.76518E-04 -0.13131E-02 -0.27409E-03  0.13086E-02
  0.16700E+02 -0.63414E-04  0.41639E-02 -0.76451E-04 -0.27012E-02 -0.27121E-03  0.20507E-02
  0.16750E+02 -0.61508E-04  0.32283E-02 -0.76316E-04 -0.36238E-02 -0.26833E-03  0.23599E-02
  0.16800E+02 -0.59638E-04  0.17572E-02 -0.76116E-04 -0.36825E-02 -0.26545E-03  0.24637E-02
  0.16850E+02 -0.57807E-04  0.10482E-02 -0.75855E-04 -0.31336E-02 -0.26257E-03  0.21939E-02
  0.16900E+02 -0.56013E-04  0.28807E-03 -0.75537E-04 -0.23378E-02 -0.25970E-03  0.20717E-02
  0.16950E+02 -0.54255E-04  0.10476E-02 -0.75164E-04 -0.14777E-02 -0.25684E-03  0.26186E-02
  0.17000E+02 -0.52535E-04  0.32666E-02 -0.74742E-04 -0.13936E-02 -0.25398E-03  0.30349E-02
  0.17050E+02 -0.50851E-04  0.36655E-02 -0.74274E-04 -0.20798E-02 -0.25114E-03  0.28566E-02
  0.17100E+02 -0.49203E-04  0.22333E-02 -0.73764E-04 -0.23656E-02 -0.24831E-03  0.27004E-02
  0.17150E+02 -0.47591E-04  0.24769E-02 -0.73215E-04 -0.12922E-02 -0.24549E-03  0.29220E-02
  0.17200E+02 -0.46013E-04  0.26874E-02 -0.72632E-04 -0.13878E-03 -0.24269E-03  0.31784E-02
  0.17250E+02 -0.44470E-04  0.80899E-03 -0.72017E-04 -0.10785E-03 -0.23990E-03  0.32646E-02
  0.17300E+02 -0.42961E-04 -0.26282E-03 -0.71376E-04 -0.60581E-03 -0.23713E-03  0.33507E-02
  0.17350E+02 -0.41485E-04  0.24115E-03 -0.70711E-04 -0.15485E-02 -0.23437E-03  0.35824E-02
  0.17400E+02 -0.40042E-04  0.12881E-02 -0.70025E-04 -0.22091E-02 -0.23163E-03  0.37955E-02
  0.17450E+02 -0.38632E-04  0.16028E-02 -0.69322E-04 -0.17077E-02 -0.22891E-03  0.36953E-02
  0.17500E+02 -0.37255E-04  0.31125E-03 -0.68605E-04 -0.15942E-03 -0.22621E-03  0.33832E-02
  0.17550E+02 -0.35910E-04 -0.34026E-03 -0.67878E-04  0.14327E-02 -0.22352E-03  0.29094E-02
  0.17600E+02 -0.34597E-04  0.13199E-02 -0.67142E-04  0.96919E-03 -0.22086E-03  0.24162E-02
  0.17650E+02 -0.33315E-04  0.42049E-02 -0.66399E-04 -0.38971E-03 -0.21822E-03  0.23503E-02
  0.17700E+02 -0.32065E-04  0.61780E-02 -0.65654E-04 -0.95486E-04 -0.21559E-03  0.25490E-02
  0.17750E+02 -0.30847E-04  0.70410E-02 -0.64907E-04  0.99394E-03 -0.21299E-03  0.26529E-02
  0.17800E+02 -0.29660E-04  0.59257E-02 -0.64160E-04  0.13282E-02 -0.21041E-03  0.25668E-02
  0.17850E+02 -0.28505E-04  0.33095E-02 -0.63415E-04  0.10782E-02 -0.20784E-03  0.21021E-02
  0.17900E+02 -0.27381E-04  0.22228E-02 -0.62673E-04  0.16623E-02 -0.20530E-03  0.16627E-02
  0.17950E+02 -0.26289E-04  0.21001E-02 -0.61936E-04  0.30465E-02 -0.20278E-03  0.18147E-02
  0.18000E+02 -0.25229E-04  0.24600E-02 -0.61205E-04  0.32864E-02 -0.20028E-03  0.19926E-02
  0.18050E+02 -0.24200E-04  0.34984E-02 -0.60480E-04  0.19554E-02 -0.19780E-03  0.15942E-02
  0.18100E+02 -0.23203E-04  0.34866E-02 -0.59762E-04  0.12543E-02 -0.19533E-03  0.11552E-02
  0.18150E+02 -0.22239E-04  0.15098E-02 -0.59052E-04  0.15703E-02 -0.19288E-03  0.11480E-02
  0.18200E+02 -0.21306E-04  0.13601E-03 -0.58349E-04  0.22783E-02 -0.19045E-03  0.12808E-02
  0.18250E+02 -0.20405E-04  0.11651E-02 -0.57655E-04  0.32467E-02 -0.18804E-03  0.98470E-03
  0.18300E+02 -0.19537E-04  0.29171E-02 -0.56969E-04  0.39353E-02 -0.18564E-03  0.63068E-03
  0.18350E+02 -0.18700E-04  0.30265E-02 -0.56291E-04  0.35247E-02 -0.18326E-03  0.99560E-03
  0.18400E+02 -0.17895E-04  0.10361E-02 -0.55622E-04  0.23663E-02 -0.18089E-03  0.12949E-02
  0.18450E+02 -0.17122E-04 -0.97234E-03 -0.54962E-04  0.23113E-02 -0.17853E-03  0.70637E-03
  0.18500E+02 -0.16379E-04 -0.16698E-02 -0.54309E-04  0.31794E-02 -0.17618E-03 -0.47692E-05
  0.18550E+02 -0.15668E-04 -0.15487E-02 -0.53665E-04  0.28397E-02 -0.17384E-03 -0.14005E-03
  0.18600E+02 -0.14986E-04 -0.96927E-03 -0.53029E-04  0.14603E-02 -0.17151E-03 -0.75806E-04
  0.18650E+02 -0.14334E-04 -0.24602E-03 -0.52401E-04  0.12246E-02 -0.16919E-03 -0.10709E-03
  0.18700E+02 -0.13711E-04  0.75460E-03 -0.51781E-04  0.26429E-02 -0.16688E-03  0.10327E-03
  0.18750E+02 -0.13116E-04  0.26592E-02 -0.51170E-04  0.43248E-02 -0.16457E-03  0.41158E-03
  0.18800E+02 -0.12548E-04  0.43600E-02 -0.50566E-04  0.47954E-02 -0.16227E-03  0.52705E-03
  0.18850E+02 -0.12007E-04  0.45046E-02 -0.49970E-04  0.34178E-02 -0.15998E-03  0.79399E-03
  0.18900E+02 -0.11490E-04  0.31835E-02 -0.49383E-04  0.16577E-02 -0.15769E-03  0.10004E-02
  0.18950E+02 -0.10998E-04  0.17762E-02 -0.48803E-04  0.77719E-03 -0.15540E-03  0.87236E-03
  0.19000E+02 -0.10528E-04  0.13384E-02 -0.48232E-04  0.86783E-03 -0.15313E-03  0.69274E-03
  0.19050E+02 -0.10081E-04  0.19177E-02 -0.47669E-04  0.12581E-02 -0.15085E-03  0.68464E-03
  0.19100E+02 -0.96537E-05  0.25387E-02 -0.47115E-04  0.12134E-02 -0.14858E-03  0.49778E-03
  0.19150E+02 -0.92461E-05  0.34572E-02 -0.46569E-04  0.13290E-02 -0.14632E-03 -0.47773E-04
  0.19200E+02 -0.88567E-05  0.47261E-02 -0.46032E-04  0.99624E-03 -0.14406E-03 -0.54354E-03
  0.19250E+02 -0.84843E-05  0.57273E-02 -0.45503E-04  0.50991E-03 -0.14180E-03 -0.28660E-03
  0.19300E+02 -0.81277E-05  0.49496E-02 -0.44984E-04  0.50400E-03 -0.13955E-03  0.44544E-04
  0.19350E+02 -0.77861E-05  0.37984E-02 -0.44473E-04  0.86227E-03 -0.13731E-03 -0.40906E-03
  0.19400E+02 -0.74581E-05  0.29023E-02 -0.43971E-04  0.22376E-03 -0.13507E-03 -0.13275E-02
  0.19450E+02 -0.71429E-05  0.21760E-02 -0.43478E-04 -0.76209E-03 -0.13284E-03 -0.16732E-02
  0.19500E+02 -0.68395E-05  0.89260E-03 -0.42994E-04 -0.12540E-02 -0.13062E-03 -0.14650E-02
  0.19550E+02 -0.65467E-05 -0.14883E-04 -0.42520E-04 -0.12508E-02 -0.12840E-03 -0.15037E-02
  0.19600E+02 -0.62643E-05  0.16193E-03 -0.42053E-04 -0.14731E-02 -0.12619E-03 -0.20010E-02
  0.19650E+02 -0.59910E-05  0.67685E-03 -0.41596E-04 -0.15028E-02 -0.12400E-03 -0.26000E-02
  0.19700E+02 -0.57264E-05  0.43495E-03 -0.41147E-04 -0.14112E-02 -0.12181E-03 -0.29431E-02
  0.19750E+02 -0.54695E-05  0.19162E-02 -0.40706E-04 -0.19833E-02 -0.11964E-03 -0.31508E-02
  0.19800E+02 -0.52203E-05  0.38638E-02 -0.40273E-04 -0.33632E-02 -0.11748E-03 -0.33636E-02
  0.19850E+02 -0.49777E-05  0.43705E-02 -0.39848E-04 -0.39897E-02 -0.11533E-03 -0.37025E-02
  0.19900E+02 -0.47419E-05  0.32962E-02 -0.39431E-04 -0.37820E-02 -0.11319E-03 -0.40896E-02
  0.19950E+02  0.00000E+00 -0.00000E+00  0.00000E+00 -0.00000E+00  0.00000E+00 -0.00000E+00
