           1   0.00000000       0.00000000       1.00000000    
           2   7.49999983E-03   1.00000000       1.00000000    
           3   2.99999975E-02  0.999999762       1.00000000    
           4   5.99999949E-02   1.00000012       1.00000000    
           5   8.99999961E-02   1.00000000       1.00000000    
           6  0.119999990       1.00000000       1.00000000    
           7  0.149999991       1.00000012       1.00000000    
           8  0.179999992       1.00000012       1.00000000    
           9  0.209999993      0.999999940       1.00000000    
          10  0.239999995      0.999999940       1.00000000    
          11  0.270000011       1.00000083       1.00000000    
          12  0.300000012      0.999999285       1.00000000    
          13  0.330000013       1.00000119       1.00000000    
          14  0.360000014      0.999999106       1.00000000    
          15  0.390000015       1.00000107       1.00000000    
          16  0.420000017      0.999999225       1.00000000    
          17  0.450000018       1.00000131       1.00000000    
          18  0.480000019      0.999998569       1.00000000    
          19  0.509999990       1.00000036       1.00000000    
          20  0.539999962      0.999999702       1.00000000    
          21  0.569999933      0.999999881       1.00000000    
          22  0.599999905       1.00000000       1.00000000    
          23  0.629999876       1.00000024       1.00000000    
          24  0.659999847       1.00000000       1.00000000    
          25  0.689999819       1.00000012       1.00000000    
          26  0.719999790      0.999999821       1.00000000    
          27  0.749999762      0.999999702       1.00000000    
          28  0.779999733       1.00000000       1.00000000    
          29  0.809999704       1.00000000       1.00000000    
          30  0.839999676       1.00000048       1.00000000    
          31  0.869999647      0.999999821       1.00000000    
          32  0.899999619      0.999999583       1.00000000    
          33  0.929999590       1.00000000       1.00000000    
          34  0.959999561       1.00000036       1.00000000    
          35  0.989999533       1.00000036       1.00000000    
          36   1.01999950      0.999999344       1.00000000    
          37   1.04999948       1.00000060       1.00000000    
          38   1.07999945      0.999999404       1.00000000    
          39   1.10999942       1.00000048       1.00000000    
          40   1.13999939      0.999999762       1.00000000    
          41   1.16999936       1.00000000       1.00000000    
          42   1.19999933       1.00000000       1.00000000    
          43   1.22999930      0.999999523       1.00000000    
          44   1.25999928       1.00000000       1.00000000    
          45   1.28999925       1.00000000       1.00000000    
          46   1.31999922       1.00000036       1.00000000    
          47   1.34999919       1.00000036       1.00000000    
          48   1.37999916       1.00000000       1.00000000    
          49   1.40999913      0.999999344       1.00000000    
          50   1.43999910       1.00000095       1.00000000    
          51   1.46999907       1.00000000       1.00000000    
          52   1.49999905      0.999998868       1.00000000    
          53   1.52999902       1.00000060       1.00000000    
          54   1.55999899       1.00000048       1.00000000    
          55   1.58999896      0.999998987       1.00000000    
          56   1.61999893       1.00000107       1.00000000    
          57   1.64999890      0.999999523       1.00000000    
          58   1.67999887      0.999999523       1.00000000    
          59   1.70999885       1.00000048       1.00000000    
          60   1.73999882       1.00000048       1.00000000    
          61   1.76999879       1.00000000       1.00000000    
          62   1.79999876      0.999999583       1.00000000    
          63   1.82999873      0.999999940       1.00000000    
          64   1.85999870       1.00000072       1.00000000    
          65   1.88999867      0.999998450       1.00000000    
          66   1.91999865       1.00000072       1.00000000    
          67   1.94999862      0.999999344       1.00000000    
          68   1.97999859       1.00000131       1.00000000    
          69   2.00999856      0.999999285       1.00000000    
          70   2.03999853      0.999989212       1.00000000    
          71   2.06999850       1.00001109       1.00000000    
          72   2.09999847      0.999991596       1.00000000    
          73   2.12999845       1.00000763       1.00000000    
          74   2.15999842      0.999993145       1.00000000    
          75   2.18999839       1.00000608       1.00000000    
          76   2.21999836      0.999991953       1.00000000    
          77   2.24999833       1.00000834       1.00000000    
          78   2.27999830      0.999991834       1.00000000    
          79   2.30999827       1.00000894       1.00000000    
          80   2.33999825      0.999990284       1.00000000    
          81   2.36999822       1.00000942       1.00000000    
          82   2.39999819      0.999993563       1.00000000    
          83   2.42999816       1.00000536       1.00000000    
          84   2.45999813      0.999993920       1.00000000    
          85   2.48999810       1.00000596       1.00000000    
          86   2.51999807      0.999993324       1.00000000    
          87   2.54999804       1.00000656       1.00000000    
          88   2.57999802      0.999989688       1.00000000    
          89   2.60999799       1.00001013       1.00000000    
          90   2.63999796      0.999994695       1.00000000    
          91   2.66999793       1.00000441       1.00000000    
          92   2.69999790      0.999992073       1.00000000    
          93   2.72999787       1.00000930       1.00000000    
          94   2.75999784      0.999990940       1.00000000    
          95   2.78999782       1.00000751       1.00000000    
          96   2.81999779      0.999989331       1.00000000    
          97   2.84999776       1.00001037       1.00000000    
          98   2.87999773      0.999989152       1.00000000    
          99   2.90999770       1.00001001       1.00000000    
         100   2.93999767      0.999995053       1.00000000    
         101   2.96999764       1.00000596       1.00000000    
         102   2.99999762      0.999994159       1.00000000    
         103   3.02999759       1.00000691       1.00000000    
         104   3.05999756      0.999990940       1.00000000    
         105   3.08999753       1.00000894       1.00000000    
         106   3.11999750      0.999992371       1.00000000    
         107   3.14999747       1.00000739       1.00000000    
         108   3.17999744      0.999991596       1.00000000    
         109   3.20999742       1.00000620       1.00000000    
         110   3.23999739      0.999987841       1.00000000    
         111   3.26999736       1.00001287       1.00000000    
         112   3.29999733      0.999992192       1.00000000    
         113   3.32999730       1.00000858       1.00000000    
         114   3.35999727      0.999996245       1.00000000    
         115   3.38999724       1.00000274       1.00000000    
         116   3.41999722      0.999992788       1.00000000    
         117   3.44999719       1.00000620       1.00000000    
         118   3.47999716      0.999991238       1.00000000    
         119   3.50999713       1.00000942       1.00000000    
         120   3.53999710      0.999989867       1.00000000    
         121   3.56999707       1.00001001       1.00000000    
         122   3.59999704      0.999992669       1.00000000    
         123   3.62999701       1.00000727       1.00000000    
         124   3.65999699      0.999992073       1.00000000    
         125   3.68999696       1.00000775       1.00000000    
         126   3.71999693      0.999990761       1.00000000    
         127   3.74999690       1.00001049       1.00000000    
         128   3.77999687      0.999991119       1.00000000    
         129   3.80999684       1.00000727       1.00000000    
         130   3.83999681      0.999991417       1.00000000    
         131   3.86999679       1.00000703       1.00000000    
         132   3.89999676      0.999994397       1.00000000    
         133   3.92999673       1.00000691       1.00000000    
         134   3.95999670      0.999990523       1.00000000    
         135   3.98999667       1.00001073       1.00000000    
         136   4.01999712       1.00001574       1.00000000    
         137   4.04999733      0.999984443       1.00000000    
         138   4.07999754       1.00001276       1.00000000    
         139   4.10999775      0.999987483       1.00000000    
         140   4.13999796       1.00001729       1.00000000    
         141   4.16999817      0.999982953       1.00000000    
         142   4.19999838       1.00001442       1.00000000    
         143   4.22999859      0.999983370       1.00000000    
         144   4.25999880       1.00001407       1.00000000    
         145   4.28999901      0.999987304       1.00000000    
         146   4.31999922       1.00001705       1.00000000    
         147   4.34999943      0.999982119       1.00000000    
         148   4.37999964       1.00001323       1.00000000    
         149   4.40999985      0.999988019       1.00000000    
         150   4.44000006       1.00001287       1.00000000    
         151   4.47000027      0.999987245       1.00000000    
         152   4.50000048       1.00001991       1.00000000    
         153   4.53000069      0.999979317       1.00000000    
         154   4.56000090       1.00001729       1.00000000    
         155   4.59000111      0.999983907       1.00000000    
         156   4.62000132       1.00000989       1.00000000    
         157   4.65000153      0.999992132       1.00000000    
         158   4.68000174       1.00001550       1.00000000    
         159   4.71000195      0.999980927       1.00000000    
         160   4.74000216       1.00001323       1.00000000    
         161   4.77000237      0.999986947       1.00000000    
         162   4.80000257       1.00002205       1.00000000    
         163   4.83000278      0.999978185       1.00000000    
         164   4.86000299       1.00001800       1.00000000    
         165   4.89000320      0.999985814       1.00000000    
         166   4.92000341       1.00001228       1.00000000    
         167   4.95000362      0.999984384       1.00000000    
         168   4.98000383       1.00002050       1.00000000    
         169   5.01000404      0.999983072       1.00000000    
         170   5.04000425       1.00001669       1.00000000    
         171   5.07000446      0.999981821       1.00000000    
         172   5.10000467       1.00001299       1.00000000    
         173   5.13000488      0.999987125       1.00000000    
         174   5.16000509       1.00002074       1.00000000    
         175   5.19000530      0.999979615       1.00000000    
         176   5.22000551       1.00001872       1.00000000    
         177   5.25000572      0.999983013       1.00000000    
         178   5.28000593       1.00000906       1.00000000    
         179   5.31000614      0.999989450       1.00000000    
         180   5.34000635       1.00001049       1.00000000    
         181   5.37000656      0.999989748       1.00000000    
         182   5.40000677       1.00001597       1.00000000    
         183   5.43000698      0.999984145       1.00000000    
         184   5.46000719       1.00001848       1.00000000    
         185   5.49000740      0.999981761       1.00000000    
         186   5.52000761       1.00001109       1.00000000    
         187   5.55000782      0.999988973       1.00000000    
         188   5.58000803       1.00001490       1.00000000    
         189   5.61000824      0.999985158       1.00000000    
         190   5.64000845       1.00001729       1.00000000    
         191   5.67000866      0.999984205       1.00000000    
         192   5.70000887       1.00002086       1.00000000    
         193   5.73000908      0.999976754       1.00000000    
         194   5.76000929       1.00001657       1.00000000    
         195   5.79000950      0.999987364       1.00000000    
         196   5.82000971       1.00001752       1.00000000    
         197   5.85000992      0.999977767       1.00000000    
         198   5.88001013       1.00001478       1.00000000    
         199   5.91001034      0.999987900       1.00000000    
         200   5.94001055       1.00001681       1.00000000    
         201   5.97001076      0.999980986       1.00000000    
         202   6.00001097       1.00002122       1.00000000    
         203   6.03001118      0.999983668       1.00000000    
         204   6.06001139       1.00002074       1.00000000    
         205   6.09001160      0.999979436       1.00000000    
         206   6.12001181       1.00001585       1.00000000    
         207   6.15001202      0.999979854       1.00000000    
         208   6.18001223       1.00002217       1.00000000    
         209   6.21001244      0.999982417       1.00000000    
         210   6.24001265       1.00000441       1.00000000    
         211   6.27001286      0.999993563       1.00000000    
         212   6.30001307       1.00002134       1.00000000    
         213   6.33001328      0.999976695       1.00000000    
         214   6.36001348       1.00000834       1.00000000    
         215   6.39001369      0.999993742       1.00000000    
         216   6.42001390       1.00001442       1.00000000    
         217   6.45001411      0.999983668       1.00000000    
         218   6.48001432       1.00002027       1.00000000    
         219   6.51001453      0.999981999       1.00000000    
         220   6.54001474       1.00001395       1.00000000    
         221   6.57001495      0.999986231       1.00000000    
         222   6.60001516       1.00002539       1.00000000    
         223   6.63001537      0.999976873       1.00000000    
         224   6.66001558       1.00001144       1.00000000    
         225   6.69001579      0.999984860       1.00000000    
         226   6.72001600       1.00002253       1.00000000    
         227   6.75001621      0.999981403       1.00000000    
         228   6.78001642       1.00002027       1.00000000    
         229   6.81001663      0.999976277       1.00000000    
         230   6.84001684       1.00001812       1.00000000    
         231   6.87001705      0.999983847       1.00000000    
         232   6.90001726       1.00001419       1.00000000    
         233   6.93001747      0.999984086       1.00000000    
         234   6.96001768       1.00001752       1.00000000    
         235   6.99001789      0.999984384       1.00000000    
         236   7.02001810       1.00001895       1.00000000    
         237   7.05001831      0.999982893       1.00000000    
         238   7.08001852       1.00001013       1.00000000    
         239   7.11001873      0.999989927       1.00000000    
         240   7.14001894       1.00001001       1.00000000    
         241   7.17001915      0.999988437       1.00000000    
         242   7.20001936       1.00001478       1.00000000    
         243   7.23001957      0.999985397       1.00000000    
         244   7.26001978       1.00001287       1.00000000    
         245   7.29001999      0.999984086       1.00000000    
         246   7.32002020       1.00000632       1.00000000    
         247   7.35002041      0.999996901       1.00000000    
         248   7.38002062       1.00001562       1.00000000    
         249   7.41002083      0.999984562       1.00000000    
         250   7.44002104       1.00001538       1.00000000    
         251   7.47002125      0.999984801       1.00000000    
         252   7.50002146       1.00001502       1.00000000    
         253   7.53002167      0.999982119       1.00000000    
         254   7.56002188       1.00002074       1.00000000    
         255   7.59002209      0.999979377       1.00000000    
         256   7.62002230       1.00001454       1.00000000    
         257   7.65002251      0.999988437       1.00000000    
         258   7.68002272       1.00001431       1.00000000    
         259   7.71002293      0.999988556       1.00000000    
         260   7.74002314       1.00001419       1.00000000    
         261   7.77002335      0.999980330       1.00000000    
         262   7.80002356       1.00001955       1.00000000    
         263   7.83002377      0.999980628       1.00000000    
         264   7.86002398       1.00002193       1.00000000    
         265   7.89002419      0.999978244       1.00000000    
         266   7.92002439       1.00001895       1.00000000    
         267   7.95002460      0.999981165       1.00000000    
         268   7.98002481       1.00001597       1.00000000    
         269   8.01002407      0.999926031       1.00000000    
         270   8.04002380       1.00008917       1.00000000    
         271   8.07002354      0.999895871       1.00000000    
         272   8.10002327       1.00010598       1.00000000    
         273   8.13002300      0.999907613       1.00000000    
         274   8.16002274       1.00009167       1.00000000    
         275   8.19002247      0.999898970       1.00000000    
         276   8.22002220       1.00009787       1.00000000    
         277   8.25002193      0.999910295       1.00000000    
         278   8.28002167       1.00009155       1.00000000    
         279   8.31002140      0.999909163       1.00000000    
         280   8.34002113       1.00008774       1.00000000    
         281   8.37002087      0.999903202       1.00000000    
         282   8.40002060       1.00010574       1.00000000    
         283   8.43002033      0.999899805       1.00000000    
         284   8.46002007       1.00010180       1.00000000    
         285   8.49001980      0.999896467       1.00000000    
         286   8.52001953       1.00009346       1.00000000    
         287   8.55001926      0.999909520       1.00000000    
         288   8.58001900       1.00008976       1.00000000    
         289   8.61001873      0.999908507       1.00000000    
         290   8.64001846       1.00010681       1.00000000    
         291   8.67001820      0.999882698       1.00000000    
         292   8.70001793       1.00010073       1.00000000    
         293   8.73001766      0.999899864       1.00000000    
         294   8.76001740       1.00010824       1.00000000    
         295   8.79001713      0.999894738       1.00000000    
         296   8.82001686       1.00010467       1.00000000    
         297   8.85001659      0.999902606       1.00000000    
         298   8.88001633       1.00009465       1.00000000    
         299   8.91001606      0.999906003       1.00000000    
         300   8.94001579       1.00008917       1.00000000    
         301   8.97001553      0.999913573       1.00000000    
         302   9.00001526       1.00008583       1.00000000    
         303   9.03001499      0.999914765       1.00000000    
         304   9.06001472       1.00009716       1.00000000    
         305   9.09001446      0.999893367       1.00000000    
         306   9.12001419       1.00009179       1.00000000    
         307   9.15001392      0.999914944       1.00000000    
         308   9.18001366       1.00009656       1.00000000    
         309   9.21001339      0.999900043       1.00000000    
         310   9.24001312       1.00009131       1.00000000    
         311   9.27001286      0.999901354       1.00000000    
         312   9.30001259       1.00010586       1.00000000    
         313   9.33001232      0.999898732       1.00000000    
         314   9.36001205       1.00010836       1.00000000    
         315   9.39001179      0.999888420       1.00000000    
         316   9.42001152       1.00010693       1.00000000    
         317   9.45001125      0.999905050       1.00000000    
         318   9.48001099       1.00009060       1.00000000    
         319   9.51001072      0.999898791       1.00000000    
         320   9.54001045       1.00009692       1.00000000    
         321   9.57001019      0.999907434       1.00000000    
         322   9.60000992       1.00009203       1.00000000    
         323   9.63000965      0.999915898       1.00000000    
         324   9.66000938       1.00009084       1.00000000    
         325   9.69000912      0.999898911       1.00000000    
         326   9.72000885       1.00011122       1.00000000    
         327   9.75000858      0.999885857       1.00000000    
         328   9.78000832       1.00010991       1.00000000    
         329   9.81000805      0.999894321       1.00000000    
         330   9.84000778       1.00008750       1.00000000    
         331   9.87000751      0.999916494       1.00000000    
         332   9.90000725       1.00009680       1.00000000    
         333   9.93000698      0.999896824       1.00000000    
         334   9.96000671       1.00009573       1.00000000    
         335   9.99000645      0.999911666       1.00000000    
         336   10.0200062       1.00008774       1.00000000    
         337   10.0500059      0.999912739       1.00000000    
         338   10.0800056       1.00008345       1.00000000    
         339   10.1100054      0.999917090       1.00000000    
         340   10.1400051       1.00007915       1.00000000    
         341   10.1700048      0.999908209       1.00000000    
         342   10.2000046       1.00009775       1.00000000    
         343   10.2300043      0.999902785       1.00000000    
         344   10.2600040       1.00010312       1.00000000    
         345   10.2900038      0.999903917       1.00000000    
         346   10.3200035       1.00009871       1.00000000    
         347   10.3500032      0.999901891       1.00000000    
         348   10.3800030       1.00009441       1.00000000    
         349   10.4100027      0.999902964       1.00000000    
         350   10.4400024       1.00009024       1.00000000    
         351   10.4700022      0.999907196       1.00000000    
         352   10.5000019       1.00009227       1.00000000    
         353   10.5300016      0.999911308       1.00000000    
         354   10.5600014       1.00009727       1.00000000    
         355   10.5900011      0.999906242       1.00000000    
         356   10.6200008       1.00009322       1.00000000    
         357   10.6500006      0.999895334       1.00000000    
         358   10.6800003       1.00010097       1.00000000    
         359   10.7100000      0.999896526       1.00000000    
         360   10.7399998       1.00010288       1.00000000    
         361   10.7699995      0.999900639       1.00000000    
         362   10.7999992       1.00009298       1.00000000    
         363   10.8299990      0.999907494       1.00000000    
         364   10.8599987       1.00010061       1.00000000    
         365   10.8899984      0.999905705       1.00000000    
         366   10.9199982       1.00008523       1.00000000    
         367   10.9499979      0.999917924       1.00000000    
         368   10.9799976       1.00007594       1.00000000    
         369   11.0099974      0.999910474       1.00000000    
         370   11.0399971       1.00010574       1.00000000    
         371   11.0699968      0.999897659       1.00000000    
         372   11.0999966       1.00009084       1.00000000    
         373   11.1299963      0.999912441       1.00000000    
         374   11.1599960       1.00008166       1.00000000    
         375   11.1899958      0.999913335       1.00000000    
         376   11.2199955       1.00009704       1.00000000    
         377   11.2499952      0.999914229       1.00000000    
         378   11.2799950       1.00008798       1.00000000    
         379   11.3099947      0.999893963       1.00000000    
         380   11.3399944       1.00009751       1.00000000    
         381   11.3699942      0.999916077       1.00000000    
         382   11.3999939       1.00008082       1.00000000    
         383   11.4299936      0.999916971       1.00000000    
         384   11.4599934       1.00010324       1.00000000    
         385   11.4899931      0.999907553       1.00000000    
         386   11.5199928       1.00009453       1.00000000    
         387   11.5499926      0.999911070       1.00000000    
         388   11.5799923       1.00009108       1.00000000    
         389   11.6099920      0.999899387       1.00000000    
         390   11.6399918       1.00010002       1.00000000    
         391   11.6699915      0.999890447       1.00000000    
         392   11.6999912       1.00009906       1.00000000    
         393   11.7299910      0.999891579       1.00000000    
         394   11.7599907       1.00009799       1.00000000    
         395   11.7899904      0.999912143       1.00000000    
         396   11.8199902       1.00008249       1.00000000    
         397   11.8499899      0.999913096       1.00000000    
         398   11.8799896       1.00011051       1.00000000    
         399   11.9099894      0.999890029       1.00000000    
         400   11.9399891       1.00010943       1.00000000    
         401   11.9699888      0.999895930       1.00000000    
         402   11.9999886       1.00009894       1.00000000    
         403   12.0299883      0.999906242       1.00000000    
         404   12.0599880       1.00010729       1.00000000    
         405   12.0899878      0.999888599       1.00000000    
         406   12.1199875       1.00007844       1.00000000    
         407   12.1499872      0.999931097       1.00000000    
         408   12.1799870       1.00009143       1.00000000    
         409   12.2099867      0.999895394       1.00000000    
         410   12.2399864       1.00008607       1.00000000    
         411   12.2699862      0.999909878       1.00000000    
         412   12.2999859       1.00008965       1.00000000    
         413   12.3299856      0.999910772       1.00000000    
         414   12.3599854       1.00009322       1.00000000    
         415   12.3899851      0.999907196       1.00000000    
         416   12.4199848       1.00008798       1.00000000    
         417   12.4499846      0.999895036       1.00000000    
         418   12.4799843       1.00012195       1.00000000    
         419   12.5099840      0.999895990       1.00000000    
         420   12.5399837       1.00010347       1.00000000    
         421   12.5699835      0.999897003       1.00000000    
         422   12.5999832       1.00008547       1.00000000    
         423   12.6299829      0.999923527       1.00000000    
         424   12.6599827       1.00007617       1.00000000    
         425   12.6899824      0.999907374       1.00000000    
         426   12.7199821       1.00010478       1.00000000    
         427   12.7499819      0.999879003       1.00000000    
         428   12.7799816       1.00012040       1.00000000    
         429   12.8099813      0.999917388       1.00000000    
         430   12.8399811       1.00007808       1.00000000    
         431   12.8699808      0.999926329       1.00000000    
         432   12.8999805       1.00006521       1.00000000    
         433   12.9299803      0.999910772       1.00000000    
         434   12.9599800       1.00010097       1.00000000    
         435   12.9899797      0.999907553       1.00000000    
         436   13.0199795       1.00007594       1.00000000    
         437   13.0499792      0.999900401       1.00000000    
         438   13.0799789       1.00009513       1.00000000    
         439   13.1099787      0.999925017       1.00000000    
         440   13.1399784       1.00009429       1.00000000    
         441   13.1699781      0.999902308       1.00000000    
         442   13.1999779       1.00010121       1.00000000    
         443   13.2299776      0.999899209       1.00000000    
         444   13.2599773       1.00008488       1.00000000    
         445   13.2899771      0.999904037       1.00000000    
         446   13.3199768       1.00010324       1.00000000    
         447   13.3499765      0.999923885       1.00000000    
         448   13.3799763       1.00009847       1.00000000    
         449   13.4099760      0.999871790       1.00000000    
         450   13.4399757       1.00012767       1.00000000    
         451   13.4699755      0.999895334       1.00000000    
         452   13.4999752       1.00008190       1.00000000    
         453   13.5299749      0.999933302       1.00000000    
         454   13.5599747       1.00007379       1.00000000    
         455   13.5899744      0.999911904       1.00000000    
         456   13.6199741       1.00008047       1.00000000    
         457   13.6499739      0.999901712       1.00000000    
         458   13.6799736       1.00011230       1.00000000    
         459   13.7099733      0.999891758       1.00000000    
         460   13.7399731       1.00011134       1.00000000    
         461   13.7699728      0.999899864       1.00000000    
         462   13.7999725       1.00009620       1.00000000    
         463   13.8299723      0.999893665       1.00000000    
         464   13.8599720       1.00008476       1.00000000    
         465   13.8899717      0.999915659       1.00000000    
         466   13.9199715       1.00010848       1.00000000    
         467   13.9499712      0.999888480       1.00000000    
         468   13.9799709       1.00011098       1.00000000    
         469   14.0099707      0.999889433       1.00000000    
         470   14.0399704       1.00009286       1.00000000    
         471   14.0699701      0.999910891       1.00000000    
         472   14.0999699       1.00008869       1.00000000    
         473   14.1299696      0.999925256       1.00000000    
         474   14.1599693       1.00008118       1.00000000    
         475   14.1899691      0.999905705       1.00000000    
         476   14.2199688       1.00009048       1.00000000    
         477   14.2499685      0.999919832       1.00000000    
         478   14.2799683       1.00007653       1.00000000    
         479   14.3099680      0.999927163       1.00000000    
         480   14.3399677       1.00007582       1.00000000    
         481   14.3699675      0.999924481       1.00000000    
         482   14.3999672       1.00008500       1.00000000    
         483   14.4299669      0.999899030       1.00000000    
         484   14.4599667       1.00008762       1.00000000    
         485   14.4899664      0.999909520       1.00000000    
         486   14.5199661       1.00010300       1.00000000    
         487   14.5499659      0.999894261       1.00000000    
         488   14.5799656       1.00011480       1.00000000    
         489   14.6099653      0.999898374       1.00000000    
         490   14.6399651       1.00010121       1.00000000    
         491   14.6699648      0.999911785       1.00000000    
         492   14.6999645       1.00007534       1.00000000    
         493   14.7299643      0.999912560       1.00000000    
         494   14.7599640       1.00009346       1.00000000    
         495   14.7899637      0.999888361       1.00000000    
         496   14.8199635       1.00009263       1.00000000    
         497   14.8499632      0.999901533       1.00000000    
         498   14.8799629       1.00012255       1.00000000    
         499   14.9099627      0.999890208       1.00000000    
         500   14.9399624       1.00010324       1.00000000    
         501   14.9699621      0.999897182       1.00000000    
         502   14.9999619       1.00008440       1.00000000    
         503   15.0299616      0.999915957       1.00000000    
         504   15.0599613       1.00009573       1.00000000    
         505   15.0899611      0.999916553       1.00000000    
         506   15.1199608       1.00008309       1.00000000    
         507   15.1499605      0.999917269       1.00000000    
         508   15.1799603       1.00008833       1.00000000    
         509   15.2099600      0.999900341       1.00000000    
         510   15.2399597       1.00009334       1.00000000    
         511   15.2699594      0.999924302       1.00000000    
         512   15.2999592       1.00008690       1.00000000    
         513   15.3299589      0.999884546       1.00000000    
         514   15.3599586       1.00009775       1.00000000    
         515   15.3899584      0.999914110       1.00000000    
         516   15.4199581       1.00009692       1.00000000    
         517   15.4499578      0.999903381       1.00000000    
         518   15.4799576       1.00009060       1.00000000    
         519   15.5099573      0.999921083       1.00000000    
