  0.00000E+00  0.79379E-01 -0.00000E+00  0.27137E-02 -0.00000E+00 -0.10541E+00 -0.00000E+00
  0.50000E-01  0.73993E-01 -0.00000E+00  0.92347E-03 -0.00000E+00 -0.98528E-01 -0.00000E+00
  0.10000E+00  0.59406E-01 -0.00000E+00 -0.34965E-02 -0.00000E+00 -0.79942E-01 -0.00000E+00
  0.15000E+00  0.39809E-01 -0.00000E+00 -0.80835E-02 -0.00000E+00 -0.54987E-01 -0.00000E+00
  0.20000E+00  0.20670E-01 -0.00000E+00 -0.98631E-02 -0.00000E+00 -0.30150E-01 -0.00000E+00
  0.25000E+00  0.70175E-02 -0.00000E+00 -0.65694E-02 -0.00000E+00 -0.10578E-01 -0.00000E+00
  0.30000E+00  0.19530E-02 -0.00000E+00  0.24630E-02 -0.00000E+00  0.17690E-02 -0.00000E+00
  0.35000E+00  0.59003E-02 -0.00000E+00  0.16028E-01 -0.00000E+00  0.84653E-02 -0.00000E+00
  0.40000E+00  0.16751E-01 -0.00000E+00  0.31510E-01 -0.00000E+00  0.13458E-01 -0.00000E+00
  0.45000E+00  0.30834E-01  0.54174E-01  0.45879E-01  0.77847E-01  0.20930E-01  0.47934E-01
  0.50000E+00  0.44261E-01  0.42883E-01  0.56750E-01  0.69643E-01  0.33179E-01  0.49698E-01
  0.55000E+00  0.54158E-01  0.36558E-01  0.63108E-01  0.62350E-01  0.49458E-01  0.50617E-01
  0.60000E+00  0.59375E-01  0.44897E-01  0.65416E-01  0.64822E-01  0.66270E-01  0.50945E-01
  0.65000E+00  0.60491E-01  0.46771E-01  0.65141E-01  0.61983E-01  0.78941E-01  0.52467E-01
  0.70000E+00  0.59227E-01  0.42599E-01  0.63948E-01  0.55999E-01  0.83726E-01  0.51738E-01
  0.75000E+00  0.57574E-01  0.43987E-01  0.62943E-01  0.58044E-01  0.79509E-01  0.51107E-01
  0.80000E+00  0.56993E-01  0.41746E-01  0.62303E-01  0.53936E-01  0.68361E-01  0.50446E-01
  0.85000E+00  0.57998E-01  0.51331E-01  0.61400E-01  0.56785E-01  0.54668E-01  0.51214E-01
  0.90000E+00  0.60191E-01  0.58751E-01  0.59330E-01  0.55844E-01  0.43339E-01  0.51309E-01
  0.95000E+00  0.62664E-01  0.57634E-01  0.55532E-01  0.56026E-01  0.37792E-01  0.52030E-01
  0.10000E+01  0.64526E-01  0.52661E-01  0.50210E-01  0.46638E-01  0.38634E-01  0.50656E-01
  0.10500E+01  0.65312E-01  0.53511E-01  0.44332E-01  0.42859E-01  0.43525E-01  0.49127E-01
  0.11000E+01  0.65122E-01  0.55856E-01  0.39220E-01  0.43148E-01  0.48238E-01  0.46684E-01
  0.11500E+01  0.64468E-01  0.61579E-01  0.35930E-01  0.45283E-01  0.48386E-01  0.42041E-01
  0.12000E+01  0.63956E-01  0.64649E-01  0.34723E-01  0.44245E-01  0.41084E-01  0.34686E-01
  0.12500E+01  0.63965E-01  0.68309E-01  0.34865E-01  0.42277E-01  0.25887E-01  0.24594E-01
  0.13000E+01  0.64467E-01  0.66100E-01  0.34850E-01  0.37024E-01  0.46491E-02  0.13318E-01
  0.13500E+01  0.65063E-01  0.62570E-01  0.32973E-01  0.32925E-01 -0.19412E-01  0.11128E-03
  0.14000E+01  0.65165E-01  0.68530E-01  0.27961E-01  0.28135E-01 -0.43065E-01 -0.14891E-01
  0.14500E+01  0.64243E-01  0.63941E-01  0.19461E-01  0.19700E-01 -0.64119E-01 -0.32400E-01
  0.15000E+01  0.61999E-01  0.59101E-01  0.81495E-02  0.11512E-01 -0.81832E-01 -0.51806E-01
  0.15500E+01  0.58418E-01  0.48254E-01 -0.45230E-02  0.82795E-03 -0.96549E-01 -0.75355E-01
  0.16000E+01  0.53703E-01  0.46257E-01 -0.16812E-01 -0.12254E-01 -0.10889E+00 -0.10288E+00
  0.16500E+01  0.48145E-01  0.40693E-01 -0.27179E-01 -0.26069E-01 -0.11891E+00 -0.13579E+00
  0.17000E+01  0.42030E-01  0.32262E-01 -0.34619E-01 -0.41376E-01 -0.12564E+00 -0.16965E+00
  0.17500E+01  0.35604E-01  0.29938E-01 -0.38695E-01 -0.49458E-01 -0.12727E+00 -0.20136E+00
  0.18000E+01  0.29124E-01  0.26849E-01 -0.39377E-01 -0.56309E-01 -0.12177E+00 -0.22404E+00
  0.18500E+01  0.22925E-01  0.21124E-01 -0.36802E-01 -0.62016E-01 -0.10782E+00 -0.23253E+00
  0.19000E+01  0.17431E-01  0.15191E-01 -0.31085E-01 -0.59580E-01 -0.85384E-01 -0.21933E+00
  0.19500E+01  0.13092E-01  0.13049E-01 -0.22344E-01 -0.50664E-01 -0.55970E-01 -0.18193E+00
  0.20000E+01  0.10238E-01  0.15596E-01 -0.10846E-01 -0.32206E-01 -0.22289E-01 -0.12129E+00
  0.20500E+01  0.89212E-02  0.15701E-01  0.27886E-02 -0.81006E-02  0.12433E-01 -0.44293E-01
  0.21000E+01  0.88217E-02  0.18119E-01  0.17468E-01  0.16842E-01  0.45184E-01  0.40293E-01
  0.21500E+01  0.92804E-02  0.19479E-01  0.31712E-01  0.41695E-01  0.73743E-01  0.12286E+00
  0.22000E+01  0.94655E-02  0.19721E-01  0.43932E-01  0.63920E-01  0.96911E-01  0.19401E+00
  0.22500E+01  0.86099E-02  0.23111E-01  0.52799E-01  0.80214E-01  0.11438E+00  0.24611E+00
  0.23000E+01  0.62380E-02  0.25442E-01  0.57577E-01  0.89206E-01  0.12644E+00  0.27881E+00
  0.23500E+01  0.22838E-02  0.23659E-01  0.58276E-01  0.93087E-01  0.13363E+00  0.28784E+00
  0.24000E+01 -0.29493E-02  0.22796E-01  0.55553E-01  0.89457E-01  0.13655E+00  0.27818E+00
  0.24500E+01 -0.89520E-02  0.17552E-01  0.50448E-01  0.76709E-01  0.13572E+00  0.25336E+00
  0.25000E+01 -0.15243E-01  0.13679E-01  0.44005E-01  0.63654E-01  0.13167E+00  0.21922E+00
  0.25500E+01 -0.21551E-01  0.71476E-02  0.37005E-01  0.47204E-01  0.12498E+00  0.18125E+00
  0.26000E+01 -0.27882E-01 -0.29064E-02  0.29833E-01  0.29047E-01  0.11629E+00  0.14384E+00
  0.26500E+01 -0.34443E-01 -0.12311E-01  0.22551E-01  0.12594E-01  0.10624E+00  0.10955E+00
  0.27000E+01 -0.41469E-01 -0.27116E-01  0.15089E-01 -0.18898E-02  0.95415E-01  0.81072E-01
  0.27500E+01 -0.49024E-01 -0.43454E-01  0.74599E-02 -0.17780E-01  0.84292E-01  0.58103E-01
  0.28000E+01 -0.56881E-01 -0.64611E-01 -0.11087E-03 -0.29403E-01  0.73202E-01  0.40567E-01
  0.28500E+01 -0.64530E-01 -0.79600E-01 -0.71987E-02 -0.37405E-01  0.62397E-01  0.28164E-01
  0.29000E+01 -0.71305E-01 -0.96304E-01 -0.13304E-01 -0.41672E-01  0.52093E-01  0.19960E-01
  0.29500E+01 -0.76587E-01 -0.11469E+00 -0.18030E-01 -0.45139E-01  0.42514E-01  0.14280E-01
  0.30000E+01 -0.79976E-01 -0.12462E+00 -0.21215E-01 -0.43870E-01  0.33858E-01  0.10723E-01
  0.30500E+01 -0.81393E-01 -0.12967E+00 -0.22976E-01 -0.41867E-01  0.26238E-01  0.75851E-02
  0.31000E+01 -0.81035E-01 -0.13361E+00 -0.23633E-01 -0.37175E-01  0.19616E-01  0.35545E-02
  0.31500E+01 -0.79252E-01 -0.12832E+00 -0.23579E-01 -0.30880E-01  0.13791E-01 -0.28146E-03
  0.32000E+01 -0.76374E-01 -0.12533E+00 -0.23132E-01 -0.24662E-01  0.84532E-02 -0.48834E-02
  0.32500E+01 -0.72593E-01 -0.11738E+00 -0.22469E-01 -0.21099E-01  0.33020E-02 -0.10786E-01
  0.33000E+01 -0.67915E-01 -0.10958E+00 -0.21615E-01 -0.17489E-01 -0.18314E-02 -0.16292E-01
  0.33500E+01 -0.62236E-01 -0.93489E-01 -0.20520E-01 -0.13038E-01 -0.69114E-02 -0.22601E-01
  0.34000E+01 -0.55473E-01 -0.80175E-01 -0.19145E-01 -0.79152E-02 -0.11718E-01 -0.28507E-01
  0.34500E+01 -0.47680E-01 -0.68651E-01 -0.17517E-01 -0.50609E-02 -0.15946E-01 -0.35135E-01
  0.35000E+01 -0.39133E-01 -0.54485E-01 -0.15747E-01 -0.26112E-02 -0.19353E-01 -0.40736E-01
  0.35500E+01 -0.30295E-01 -0.41084E-01 -0.13978E-01 -0.79308E-03 -0.21872E-01 -0.46294E-01
  0.36000E+01 -0.21716E-01 -0.30365E-01 -0.12326E-01  0.81945E-04 -0.23650E-01 -0.50216E-01
  0.36500E+01 -0.13890E-01 -0.21150E-01 -0.10833E-01  0.75844E-03 -0.24984E-01 -0.54191E-01
  0.37000E+01 -0.71197E-02 -0.71062E-02 -0.94571E-02  0.92653E-03 -0.26191E-01 -0.58217E-01
  0.37500E+01 -0.14642E-02  0.21704E-02 -0.81149E-02  0.77621E-03 -0.27462E-01 -0.61005E-01
  0.38000E+01  0.32354E-02  0.12074E-01 -0.67370E-02  0.25705E-02 -0.28786E-01 -0.62974E-01
  0.38500E+01  0.72611E-02  0.21547E-01 -0.53201E-02  0.30801E-02 -0.29954E-01 -0.63750E-01
  0.39000E+01  0.10900E-01  0.30238E-01 -0.39415E-02  0.54914E-02 -0.30662E-01 -0.63023E-01
  0.39500E+01  0.14340E-01  0.40782E-01 -0.27338E-02  0.45152E-02 -0.30650E-01 -0.60930E-01
  0.40000E+01  0.17629E-01  0.46657E-01 -0.18307E-02  0.37929E-02 -0.29820E-01 -0.57589E-01
  0.40500E+01  0.20691E-01  0.54809E-01 -0.13118E-02  0.35004E-02 -0.28291E-01 -0.53448E-01
  0.41000E+01  0.23395E-01  0.63069E-01 -0.11707E-02  0.28855E-02 -0.26358E-01 -0.47393E-01
  0.41500E+01  0.25624E-01  0.66200E-01 -0.13204E-02  0.29712E-02 -0.24383E-01 -0.41771E-01
  0.42000E+01  0.27325E-01  0.68850E-01 -0.16299E-02  0.11835E-02 -0.22667E-01 -0.36734E-01
  0.42500E+01  0.28533E-01  0.73307E-01 -0.19723E-02  0.28984E-02 -0.21356E-01 -0.30026E-01
  0.43000E+01  0.29333E-01  0.74538E-01 -0.22662E-02  0.42289E-02 -0.20419E-01 -0.24391E-01
  0.43500E+01  0.29819E-01  0.76504E-01 -0.24909E-02  0.25025E-02 -0.19685E-01 -0.19007E-01
  0.44000E+01  0.30049E-01  0.73403E-01 -0.26740E-02  0.10817E-02 -0.18941E-01 -0.14064E-01
  0.44500E+01  0.30023E-01  0.71053E-01 -0.28635E-02  0.11096E-02 -0.18016E-01 -0.95116E-02
  0.45000E+01  0.29698E-01  0.67154E-01 -0.30960E-02  0.67756E-03 -0.16850E-01 -0.48664E-02
  0.45500E+01  0.29014E-01  0.64781E-01 -0.33800E-02 -0.98372E-03 -0.15490E-01 -0.90230E-03
  0.46000E+01  0.27938E-01  0.57923E-01 -0.36949E-02 -0.31935E-02 -0.14057E-01  0.21596E-02
  0.46500E+01  0.26485E-01  0.50908E-01 -0.40049E-02 -0.44386E-02 -0.12684E-01  0.60769E-02
  0.47000E+01  0.24727E-01  0.42121E-01 -0.42774E-02 -0.54771E-02 -0.11460E-01  0.98670E-02
  0.47500E+01  0.22775E-01  0.33285E-01 -0.44947E-02 -0.65454E-02 -0.10399E-01  0.12699E-01
  0.48000E+01  0.20750E-01  0.24091E-01 -0.46555E-02 -0.74698E-02 -0.94539E-02  0.14697E-01
  0.48500E+01  0.18752E-01  0.17421E-01 -0.47667E-02 -0.89730E-02 -0.85414E-02  0.16393E-01
  0.49000E+01  0.16847E-01  0.11158E-01 -0.48326E-02 -0.96167E-02 -0.75809E-02  0.16947E-01
  0.49500E+01  0.15066E-01  0.31507E-02 -0.48473E-02 -0.11591E-01 -0.65221E-02  0.17686E-01
  0.50000E+01  0.13418E-01 -0.77241E-02 -0.47965E-02 -0.11123E-01 -0.53562E-02  0.17149E-01
  0.50500E+01  0.11909E-01 -0.13675E-01 -0.46629E-02 -0.10950E-01 -0.41064E-02  0.16332E-01
  0.51000E+01  0.10555E-01 -0.19659E-01 -0.44373E-02 -0.13555E-01 -0.28145E-02  0.15849E-01
  0.51500E+01  0.93852E-02 -0.26524E-01 -0.41231E-02 -0.11630E-01 -0.15226E-02  0.15617E-01
  0.52000E+01  0.84312E-02 -0.29446E-01 -0.37371E-02 -0.10167E-01 -0.26584E-03  0.14670E-01
  0.52500E+01  0.77158E-02 -0.30487E-01 -0.33026E-02 -0.11044E-01  0.92961E-03  0.13212E-01
  0.53000E+01  0.72369E-02 -0.31942E-01 -0.28425E-02 -0.10273E-01  0.20431E-02  0.11724E-01
  0.53500E+01  0.69621E-02 -0.31385E-01 -0.23738E-02 -0.86107E-02  0.30566E-02  0.94425E-02
  0.54000E+01  0.68327E-02 -0.31535E-01 -0.19071E-02 -0.57522E-02  0.39537E-02  0.66123E-02
  0.54500E+01  0.67752E-02 -0.30556E-01 -0.14512E-02 -0.65324E-02  0.47236E-02  0.37174E-02
  0.55000E+01  0.67193E-02 -0.28628E-01 -0.10178E-02 -0.47177E-02  0.53635E-02  0.25266E-03
  0.55500E+01  0.66123E-02 -0.25656E-01 -0.62434E-03 -0.26042E-02  0.58799E-02 -0.28918E-02
  0.56000E+01  0.64282E-02 -0.19715E-01 -0.29091E-03 -0.16416E-02  0.62860E-02 -0.53668E-02
  0.56500E+01  0.61689E-02 -0.16864E-01 -0.34526E-04  0.29251E-04  0.65959E-02 -0.69560E-02
  0.57000E+01  0.58578E-02 -0.13702E-01  0.13854E-03  0.87557E-03  0.68200E-02 -0.77403E-02
  0.57500E+01  0.55303E-02 -0.89929E-02  0.23653E-03  0.40109E-02  0.69620E-02 -0.78373E-02
  0.58000E+01  0.52231E-02 -0.57492E-02  0.28075E-03  0.49771E-02  0.70216E-02 -0.77946E-02
  0.58500E+01  0.49661E-02 -0.19401E-03  0.29837E-03  0.62637E-02  0.69988E-02 -0.67679E-02
  0.59000E+01  0.47773E-02  0.58020E-02  0.31306E-03  0.75075E-02  0.69000E-02 -0.58622E-02
  0.59500E+01  0.46626E-02  0.53057E-02  0.33739E-03  0.64089E-02  0.67411E-02 -0.47258E-02
  0.60000E+01  0.46167E-02  0.81056E-02  0.37054E-03  0.71801E-02  0.65466E-02 -0.38072E-02
  0.60500E+01  0.46270E-02  0.11532E-01  0.40205E-03  0.94125E-02  0.63445E-02 -0.11957E-02
  0.61000E+01  0.46767E-02  0.14889E-01  0.41973E-03  0.90359E-02  0.61604E-02 -0.50831E-03
  0.61500E+01  0.47482E-02  0.17602E-01  0.41779E-03  0.99023E-02  0.60115E-02  0.80691E-03
  0.62000E+01  0.48258E-02  0.18977E-01  0.40127E-03  0.99731E-02  0.59043E-02  0.12281E-02
  0.62500E+01  0.48976E-02  0.19895E-01  0.38489E-03  0.95095E-02  0.58354E-02  0.19087E-02
  0.63000E+01  0.49563E-02  0.19857E-01  0.38672E-03  0.10744E-01  0.57953E-02  0.24948E-02
  0.63500E+01  0.49994E-02  0.22345E-01  0.41988E-03  0.89938E-02  0.57724E-02  0.29283E-02
  0.64000E+01  0.50279E-02  0.21427E-01  0.48581E-03  0.10850E-01  0.57560E-02  0.32165E-02
  0.64500E+01  0.50448E-02  0.22689E-01  0.57218E-03  0.11532E-01  0.57371E-02  0.37009E-02
  0.65000E+01  0.50527E-02  0.20018E-01  0.65633E-03  0.10621E-01  0.57074E-02  0.45040E-02
  0.65500E+01  0.50525E-02  0.17638E-01  0.71270E-03  0.93208E-02  0.56582E-02  0.47012E-02
  0.66000E+01  0.50420E-02  0.16688E-01  0.72126E-03  0.87072E-02  0.55798E-02  0.46922E-02
  0.66500E+01  0.50159E-02  0.16373E-01  0.67383E-03  0.82077E-02  0.54624E-02  0.55574E-02
  0.67000E+01  0.49664E-02  0.11946E-01  0.57595E-03  0.78629E-02  0.52983E-02  0.55153E-02
  0.67500E+01  0.48851E-02  0.87182E-02  0.44447E-03  0.44560E-02  0.50845E-02  0.54472E-02
  0.68000E+01  0.47645E-02  0.89968E-02  0.30209E-03  0.35378E-02  0.48242E-02  0.51711E-02
  0.68500E+01  0.45996E-02  0.89578E-02  0.17095E-03  0.23383E-02  0.45267E-02  0.43446E-02
  0.69000E+01  0.43886E-02  0.61982E-02  0.67952E-04  0.35417E-02  0.42056E-02  0.33281E-02
  0.69500E+01  0.41336E-02  0.41342E-02  0.25472E-05 -0.28058E-03  0.38760E-02  0.27322E-02
  0.70000E+01  0.38402E-02  0.28450E-03 -0.22836E-04 -0.25338E-02  0.35518E-02  0.15066E-02
  0.70500E+01  0.35164E-02  0.11499E-02 -0.10335E-04 -0.15361E-02  0.32433E-02 -0.18938E-03
  0.71000E+01  0.31722E-02 -0.82476E-03  0.35828E-04 -0.49744E-02  0.29574E-02 -0.19669E-02
  0.71500E+01  0.28178E-02 -0.27577E-02  0.11153E-03 -0.67364E-02  0.26977E-02 -0.35331E-02
  0.72000E+01  0.24628E-02 -0.42111E-02  0.21350E-03 -0.81515E-02  0.24664E-02 -0.47937E-02
  0.72500E+01  0.21160E-02 -0.61231E-02  0.33924E-03 -0.65828E-02  0.22652E-02 -0.65708E-02
  0.73000E+01  0.17845E-02 -0.63125E-02  0.48605E-03 -0.71864E-02  0.20962E-02 -0.68261E-02
  0.73500E+01  0.14734E-02 -0.81441E-02  0.65052E-03 -0.74387E-02  0.19623E-02 -0.74243E-02
  0.74000E+01  0.11863E-02 -0.64221E-02  0.82783E-03 -0.69509E-02  0.18655E-02 -0.68247E-02
  0.74500E+01  0.92499E-03 -0.82876E-02  0.10118E-02 -0.56067E-02  0.18067E-02 -0.69187E-02
  0.75000E+01  0.68985E-03 -0.71263E-02  0.11952E-02 -0.59868E-02  0.17845E-02 -0.65310E-02
  0.75500E+01  0.47943E-03 -0.41627E-02  0.13705E-02 -0.59340E-02  0.17949E-02 -0.72770E-02
  0.76000E+01  0.29080E-03 -0.43055E-02  0.15300E-02 -0.53892E-02  0.18310E-02 -0.83135E-02
  0.76500E+01  0.11951E-03 -0.43810E-02  0.16674E-02 -0.75291E-02  0.18841E-02 -0.93138E-02
  0.77000E+01 -0.39985E-04  0.78538E-03  0.17777E-02 -0.65757E-02  0.19448E-02 -0.11103E-01
  0.77500E+01 -0.19376E-03  0.49966E-03  0.18586E-02 -0.48291E-02  0.20040E-02 -0.13332E-01
  0.78000E+01 -0.34742E-03 -0.19196E-02  0.19104E-02 -0.44897E-02  0.20541E-02 -0.14873E-01
  0.78500E+01 -0.50522E-03  0.80071E-03  0.19362E-02 -0.38451E-02  0.20899E-02 -0.15067E-01
  0.79000E+01 -0.66921E-03  0.24525E-02  0.19416E-02 -0.48213E-02  0.21086E-02 -0.15648E-01
  0.79500E+01 -0.83877E-03  0.26585E-02  0.19331E-02 -0.28459E-02  0.21098E-02 -0.15985E-01
  0.80000E+01 -0.10108E-02  0.35146E-02  0.19174E-02 -0.12635E-02  0.20947E-02 -0.14664E-01
  0.80500E+01 -0.11805E-02  0.20082E-02  0.19001E-02 -0.10396E-02  0.20652E-02 -0.13038E-01
  0.81000E+01 -0.13420E-02  0.36508E-02  0.18846E-02 -0.81008E-03  0.20230E-02 -0.11651E-01
  0.81500E+01 -0.14902E-02  0.46068E-02  0.18724E-02 -0.93809E-03  0.19694E-02 -0.99256E-02
  0.82000E+01 -0.16209E-02  0.24823E-02  0.18629E-02 -0.67893E-04  0.19049E-02 -0.86944E-02
  0.82500E+01 -0.17319E-02  0.29553E-02  0.18543E-02  0.21892E-02  0.18296E-02 -0.85132E-02
  0.83000E+01 -0.18230E-02  0.13105E-02  0.18444E-02  0.25778E-02  0.17441E-02 -0.69985E-02
  0.83500E+01 -0.18950E-02  0.12569E-02  0.18309E-02  0.26636E-02  0.16499E-02 -0.61015E-02
  0.84000E+01 -0.19502E-02  0.13078E-02  0.18119E-02  0.40631E-02  0.15495E-02 -0.52590E-02
  0.84500E+01 -0.19909E-02 -0.11355E-02  0.17862E-02  0.57791E-02  0.14466E-02 -0.34904E-02
  0.85000E+01 -0.20194E-02 -0.29848E-02  0.17528E-02  0.59119E-02  0.13454E-02 -0.31282E-02
  0.85500E+01 -0.20376E-02 -0.36894E-02  0.17107E-02  0.60476E-02  0.12496E-02 -0.27458E-02
  0.86000E+01 -0.20471E-02 -0.38489E-02  0.16595E-02  0.60543E-02  0.11626E-02 -0.12803E-02
  0.86500E+01 -0.20491E-02 -0.68168E-02  0.15989E-02  0.51642E-02  0.10864E-02  0.11093E-03
  0.87000E+01 -0.20447E-02 -0.78154E-02  0.15290E-02  0.42507E-02  0.10219E-02  0.17799E-02
  0.87500E+01 -0.20348E-02 -0.98600E-02  0.14505E-02  0.24061E-02  0.96871E-03  0.34585E-02
  0.88000E+01 -0.20198E-02 -0.87011E-02  0.13642E-02  0.29595E-02  0.92627E-03  0.53233E-02
  0.88500E+01 -0.20001E-02 -0.95878E-02  0.12715E-02  0.38367E-02  0.89341E-03  0.71674E-02
  0.89000E+01 -0.19757E-02 -0.10431E-01  0.11736E-02  0.52221E-02  0.86893E-03  0.84543E-02
  0.89500E+01 -0.19466E-02 -0.93087E-02  0.10720E-02  0.35875E-02  0.85156E-03  0.10226E-01
  0.90000E+01 -0.19123E-02 -0.11271E-01  0.96787E-03  0.38083E-02  0.83986E-03  0.11049E-01
  0.90500E+01 -0.18727E-02 -0.11969E-01  0.86257E-03  0.23215E-02  0.83218E-03  0.11475E-01
  0.91000E+01 -0.18277E-02 -0.11285E-01  0.75746E-03  0.23786E-02  0.82670E-03  0.11284E-01
  0.91500E+01 -0.17775E-02 -0.97108E-02  0.65409E-03  0.29462E-02  0.82150E-03  0.10390E-01
  0.92000E+01 -0.17223E-02 -0.10540E-01  0.55425E-03  0.17241E-02  0.81487E-03  0.11431E-01
  0.92500E+01 -0.16626E-02 -0.11571E-01  0.45977E-03  0.92353E-03  0.80545E-03  0.11809E-01
  0.93000E+01 -0.15987E-02 -0.12827E-01  0.37243E-03  0.61469E-03  0.79244E-03  0.11298E-01
  0.93500E+01 -0.15307E-02 -0.13454E-01  0.29370E-03  0.19913E-02  0.77568E-03  0.10625E-01
  0.94000E+01 -0.14585E-02 -0.12347E-01  0.22453E-03  0.19759E-02  0.75545E-03  0.97993E-02
  0.94500E+01 -0.13820E-02 -0.13847E-01  0.16539E-03 -0.27767E-05  0.73247E-03  0.91947E-02
  0.95000E+01 -0.13010E-02 -0.14270E-01  0.11622E-03 -0.26987E-02  0.70761E-03  0.87577E-02
  0.95500E+01 -0.12154E-02 -0.12092E-01  0.76693E-04 -0.21890E-02  0.68184E-03  0.77700E-02
  0.96000E+01 -0.11252E-02 -0.11674E-01  0.46237E-04 -0.14357E-02  0.65602E-03  0.66258E-02
  0.96500E+01 -0.10309E-02 -0.14653E-01  0.24346E-04 -0.36963E-02  0.63098E-03  0.55959E-02
  0.97000E+01 -0.93322E-03 -0.16722E-01  0.10552E-04 -0.42481E-02  0.60743E-03  0.49428E-02
  0.97500E+01 -0.83301E-03 -0.14617E-01  0.44748E-05 -0.47366E-02  0.58596E-03  0.45212E-02
  0.98000E+01 -0.73130E-03 -0.13423E-01  0.57776E-05 -0.33193E-02  0.56702E-03  0.38935E-02
  0.98500E+01 -0.62907E-03 -0.10946E-01  0.14030E-04 -0.34678E-02  0.55085E-03  0.35039E-02
  0.99000E+01 -0.52716E-03 -0.11285E-01  0.28678E-04 -0.38683E-02  0.53752E-03  0.34824E-02
  0.99500E+01 -0.42621E-03 -0.99001E-02  0.48944E-04 -0.33279E-02  0.52690E-03  0.35732E-02
  0.10000E+02 -0.32664E-03 -0.75793E-02  0.73858E-04 -0.21299E-02  0.51871E-03  0.36509E-02
  0.10050E+02 -0.22864E-03 -0.51121E-02  0.10228E-03 -0.13088E-02  0.51258E-03  0.40652E-02
  0.10100E+02 -0.13226E-03 -0.26761E-02  0.13304E-03 -0.24106E-02  0.50817E-03  0.40987E-02
  0.10150E+02 -0.37457E-04 -0.10589E-02  0.16500E-03 -0.15697E-02  0.50522E-03  0.39988E-02
  0.10200E+02  0.55819E-04 -0.31517E-02  0.19715E-03 -0.72012E-03  0.50357E-03  0.40529E-02
  0.10250E+02  0.14754E-03 -0.19138E-02  0.22871E-03 -0.45743E-03  0.50313E-03  0.41982E-02
  0.10300E+02  0.23760E-03  0.43979E-03  0.25916E-03  0.56227E-03  0.50398E-03  0.43027E-02
  0.10350E+02  0.32575E-03  0.47985E-03  0.28826E-03  0.29396E-03  0.50622E-03  0.46942E-02
  0.10400E+02  0.41164E-03  0.60284E-03  0.31603E-03  0.58976E-03  0.50997E-03  0.54076E-02
  0.10450E+02  0.49481E-03  0.25414E-02  0.34273E-03  0.47044E-03  0.51544E-03  0.56064E-02
  0.10500E+02  0.57479E-03  0.23075E-02  0.36870E-03  0.72468E-03  0.52280E-03  0.51239E-02
  0.10550E+02  0.65103E-03  0.67740E-03  0.39439E-03  0.95198E-03  0.53232E-03  0.43632E-02
  0.10600E+02  0.72301E-03  0.31708E-02  0.42020E-03  0.11832E-02  0.54431E-03  0.36794E-02
  0.10650E+02  0.79025E-03  0.42016E-02  0.44646E-03  0.95381E-03  0.55911E-03  0.38817E-02
  0.10700E+02  0.85231E-03  0.29315E-02  0.47337E-03  0.11206E-02  0.57707E-03  0.39144E-02
  0.10750E+02  0.90883E-03  0.56261E-02  0.50099E-03  0.58357E-03  0.59856E-03  0.32160E-02
  0.10800E+02  0.95947E-03  0.65941E-02  0.52928E-03  0.94917E-03  0.62393E-03  0.31323E-02
  0.10850E+02  0.10040E-02  0.63657E-02  0.55809E-03  0.17031E-02  0.65342E-03  0.32063E-02
  0.10900E+02  0.10423E-02  0.77831E-02  0.58726E-03  0.68037E-03  0.68725E-03  0.28242E-02
  0.10950E+02  0.10742E-02  0.61154E-02  0.61657E-03  0.28385E-03  0.72556E-03  0.27293E-02
  0.11000E+02  0.10997E-02  0.56604E-02  0.64585E-03  0.92550E-03  0.76834E-03  0.25344E-02
  0.11050E+02  0.11188E-02  0.44961E-02  0.67496E-03  0.33070E-04  0.81560E-03  0.18959E-02
  0.11100E+02  0.11316E-02  0.45340E-02  0.70377E-03  0.24498E-03  0.86716E-03  0.15022E-02
  0.11150E+02  0.11383E-02  0.60194E-02  0.73217E-03 -0.51853E-03  0.92276E-03  0.13439E-02
  0.11200E+02  0.11391E-02  0.66768E-02  0.76007E-03 -0.31384E-03  0.98207E-03  0.14352E-02
  0.11250E+02  0.11343E-02  0.48986E-02  0.78736E-03  0.13548E-02  0.10446E-02  0.12409E-02
  0.11300E+02  0.11242E-02  0.63307E-02  0.81389E-03  0.26058E-03  0.11097E-02  0.10322E-02
  0.11350E+02  0.11093E-02  0.75785E-02  0.83951E-03  0.23545E-03  0.11768E-02  0.12718E-02
  0.11400E+02  0.10901E-02  0.60840E-02  0.86400E-03  0.30121E-03  0.12452E-02  0.94403E-03
  0.11450E+02  0.10671E-02  0.69830E-02  0.88712E-03 -0.10387E-02  0.13140E-02  0.89139E-03
  0.11500E+02  0.10408E-02  0.53327E-02  0.90859E-03 -0.18807E-02  0.13826E-02  0.10783E-03
  0.11550E+02  0.10118E-02  0.26230E-02  0.92807E-03 -0.16693E-02  0.14502E-02 -0.25956E-03
  0.11600E+02  0.98074E-03  0.56378E-02  0.94526E-03 -0.27639E-02  0.15164E-02 -0.96976E-03
  0.11650E+02  0.94806E-03  0.37535E-02  0.95979E-03 -0.29023E-02  0.15805E-02 -0.18945E-02
  0.11700E+02  0.91428E-03  0.31523E-03  0.97130E-03 -0.28033E-02  0.16422E-02 -0.23291E-02
  0.11750E+02  0.87987E-03  0.62875E-03  0.97950E-03 -0.37342E-02  0.17012E-02 -0.20447E-02
  0.11800E+02  0.84522E-03  0.41111E-02  0.98409E-03 -0.36413E-02  0.17572E-02 -0.19352E-02
  0.11850E+02  0.81071E-03  0.35570E-02  0.98489E-03 -0.21779E-02  0.18102E-02 -0.23876E-02
  0.11900E+02  0.77660E-03  0.25636E-02  0.98172E-03 -0.23231E-02  0.18601E-02 -0.28888E-02
  0.11950E+02  0.74315E-03  0.48274E-02  0.97457E-03 -0.25215E-02  0.19067E-02 -0.29435E-02
  0.12000E+02  0.71052E-03  0.85906E-02  0.96345E-03 -0.18099E-02  0.19501E-02 -0.27551E-02
  0.12050E+02  0.67884E-03  0.10538E-01  0.94847E-03 -0.19915E-02  0.19902E-02 -0.26066E-02
  0.12100E+02  0.64820E-03  0.86378E-02  0.92981E-03 -0.13520E-02  0.20271E-02 -0.26197E-02
  0.12150E+02  0.61861E-03  0.83917E-02  0.90773E-03 -0.74431E-03  0.20607E-02 -0.28373E-02
  0.12200E+02  0.59009E-03  0.75246E-02  0.88254E-03 -0.49468E-03  0.20912E-02 -0.24079E-02
  0.12250E+02  0.56263E-03  0.58619E-02  0.85457E-03 -0.10449E-03  0.21185E-02 -0.20945E-02
  0.12300E+02  0.53622E-03  0.59185E-02  0.82423E-03 -0.64491E-03  0.21428E-02 -0.19843E-02
  0.12350E+02  0.51083E-03  0.58734E-02  0.79192E-03 -0.11999E-02  0.21640E-02 -0.22239E-02
  0.12400E+02  0.48649E-03  0.66085E-02  0.75809E-03 -0.37530E-03  0.21824E-02 -0.19242E-02
  0.12450E+02  0.46319E-03  0.72840E-02  0.72319E-03 -0.10990E-03  0.21979E-02 -0.20166E-02
  0.12500E+02  0.44098E-03  0.57929E-02  0.68768E-03 -0.49694E-03  0.22108E-02 -0.20368E-02
  0.12550E+02  0.41991E-03  0.70209E-02  0.65200E-03 -0.10625E-02  0.22212E-02 -0.20965E-02
  0.12600E+02  0.40003E-03  0.83434E-02  0.61660E-03 -0.42459E-03  0.22290E-02 -0.21287E-02
  0.12650E+02  0.38141E-03  0.82257E-02  0.58187E-03  0.10453E-02  0.22346E-02 -0.19584E-02
  0.12700E+02  0.36412E-03  0.81955E-02  0.54818E-03  0.24446E-02  0.22381E-02 -0.19293E-02
  0.12750E+02  0.34821E-03  0.63682E-02  0.51588E-03  0.33593E-02  0.22395E-02 -0.15033E-02
  0.12800E+02  0.33371E-03  0.25990E-02  0.48525E-03  0.29899E-02  0.22391E-02 -0.13384E-02
  0.12850E+02  0.32069E-03  0.44115E-02  0.45656E-03  0.25014E-02  0.22371E-02 -0.19104E-02
  0.12900E+02  0.30916E-03  0.68142E-02  0.43001E-03  0.24686E-02  0.22336E-02 -0.22609E-02
  0.12950E+02  0.29912E-03  0.55233E-02  0.40577E-03  0.18401E-02  0.22290E-02 -0.16679E-02
  0.13000E+02  0.29059E-03  0.52080E-02  0.38396E-03  0.19655E-02  0.22232E-02 -0.13226E-02
  0.13050E+02  0.28353E-03  0.57040E-02  0.36466E-03  0.26200E-02  0.22167E-02 -0.11652E-02
  0.13100E+02  0.27794E-03  0.48416E-02  0.34791E-03  0.24170E-02  0.22096E-02 -0.11636E-02
  0.13150E+02  0.27378E-03  0.37429E-02  0.33372E-03  0.32449E-02  0.22021E-02 -0.15899E-02
  0.13200E+02  0.27100E-03  0.32088E-02  0.32207E-03  0.30815E-02  0.21944E-02 -0.13752E-02
  0.13250E+02  0.26955E-03  0.50485E-02  0.31288E-03  0.35041E-02  0.21867E-02 -0.84938E-03
  0.13300E+02  0.26935E-03  0.58927E-02  0.30606E-03  0.34015E-02  0.21792E-02 -0.97131E-03
  0.13350E+02  0.27032E-03  0.27530E-02  0.30151E-03  0.27663E-02  0.21721E-02 -0.14621E-02
  0.13400E+02  0.27235E-03 -0.82079E-04  0.29910E-03  0.31519E-02  0.21654E-02 -0.11407E-02
  0.13450E+02  0.27533E-03 -0.18980E-03  0.29866E-03  0.22064E-02  0.21593E-02 -0.87609E-03
  0.13500E+02  0.27910E-03  0.10409E-02  0.30003E-03  0.90649E-03  0.21538E-02 -0.10691E-02
  0.13550E+02  0.28353E-03 -0.16271E-03  0.30305E-03  0.11928E-02  0.21491E-02 -0.13500E-02
  0.13600E+02  0.28845E-03 -0.14522E-02  0.30753E-03  0.17387E-02  0.21452E-02 -0.12715E-02
  0.13650E+02  0.29367E-03 -0.55725E-03  0.31328E-03  0.55924E-03  0.21420E-02 -0.73980E-03
  0.13700E+02  0.29904E-03  0.21377E-02  0.32012E-03 -0.41033E-03  0.21396E-02 -0.94582E-03
  0.13750E+02  0.30436E-03  0.20058E-02  0.32790E-03  0.19226E-03  0.21379E-02 -0.12985E-02
  0.13800E+02  0.30946E-03  0.18451E-02  0.33645E-03 -0.88017E-04  0.21369E-02 -0.94559E-03
  0.13850E+02  0.31419E-03  0.30906E-02  0.34562E-03 -0.48917E-03  0.21366E-02 -0.93755E-03
  0.13900E+02  0.31838E-03  0.18020E-02  0.35529E-03  0.10021E-04  0.21369E-02 -0.14708E-02
  0.13950E+02  0.32189E-03 -0.27417E-03  0.36535E-03  0.41614E-03  0.21377E-02 -0.17020E-02
  0.14000E+02  0.32462E-03 -0.18900E-02  0.37571E-03 -0.46838E-03  0.21389E-02 -0.16194E-02
  0.14050E+02  0.32645E-03 -0.35381E-02  0.38628E-03 -0.87309E-03  0.21406E-02 -0.21957E-02
  0.14100E+02  0.32731E-03 -0.42345E-02  0.39703E-03  0.21895E-04  0.21426E-02 -0.31784E-02
  0.14150E+02  0.32714E-03 -0.33114E-02  0.40789E-03 -0.41031E-03  0.21448E-02 -0.36441E-02
  0.14200E+02  0.32592E-03 -0.31223E-02  0.41884E-03 -0.11004E-02  0.21473E-02 -0.32244E-02
  0.14250E+02  0.32362E-03 -0.32124E-02  0.42983E-03 -0.11810E-02  0.21499E-02 -0.30816E-02
  0.14300E+02  0.32026E-03 -0.11311E-02  0.44086E-03 -0.14080E-02  0.21526E-02 -0.35432E-02
  0.14350E+02  0.31587E-03 -0.94818E-03  0.45189E-03 -0.86547E-03  0.21555E-02 -0.38676E-02
  0.14400E+02  0.31048E-03 -0.24126E-02  0.46289E-03  0.12301E-04  0.21584E-02 -0.34174E-02
  0.14450E+02  0.30415E-03 -0.27158E-02  0.47384E-03  0.44136E-03  0.21614E-02 -0.30680E-02
  0.14500E+02  0.29697E-03 -0.29860E-02  0.48472E-03 -0.26850E-03  0.21644E-02 -0.34437E-02
  0.14550E+02  0.28901E-03 -0.38892E-02  0.49547E-03 -0.12809E-02  0.21674E-02 -0.35440E-02
  0.14600E+02  0.28035E-03 -0.52715E-02  0.50606E-03 -0.14191E-02  0.21705E-02 -0.34075E-02
  0.14650E+02  0.27110E-03 -0.53589E-02  0.51645E-03 -0.60705E-03  0.21737E-02 -0.31583E-02
  0.14700E+02  0.26135E-03 -0.33828E-02  0.52658E-03  0.43064E-04  0.21769E-02 -0.29432E-02
  0.14750E+02  0.25121E-03 -0.19714E-02  0.53642E-03  0.11904E-02  0.21802E-02 -0.28881E-02
  0.14800E+02  0.24077E-03 -0.20133E-02  0.54589E-03  0.19614E-02  0.21837E-02 -0.30290E-02
  0.14850E+02  0.23013E-03 -0.32456E-02  0.55497E-03  0.54862E-03  0.21872E-02 -0.34880E-02
  0.14900E+02  0.21940E-03 -0.47090E-02  0.56360E-03 -0.13149E-02  0.21910E-02 -0.34323E-02
  0.14950E+02  0.20865E-03 -0.58965E-02  0.57175E-03 -0.11807E-02  0.21949E-02 -0.28818E-02
  0.15000E+02  0.19798E-03 -0.67570E-02  0.57937E-03 -0.10052E-02  0.21991E-02 -0.22332E-02
  0.15050E+02  0.18746E-03 -0.68429E-02  0.58643E-03 -0.94157E-03  0.22035E-02 -0.18554E-02
  0.15100E+02  0.17715E-03 -0.52727E-02  0.59292E-03  0.50755E-03  0.22082E-02 -0.17572E-02
  0.15150E+02  0.16712E-03 -0.28972E-02  0.59882E-03  0.23435E-02  0.22133E-02 -0.15177E-02
  0.15200E+02  0.15743E-03 -0.36952E-02  0.60412E-03  0.25413E-02  0.22186E-02 -0.14559E-02
  0.15250E+02  0.14810E-03 -0.82020E-02  0.60882E-03  0.16083E-02  0.22243E-02 -0.12752E-02
  0.15300E+02  0.13918E-03 -0.99560E-02  0.61292E-03  0.13329E-02  0.22304E-02 -0.84195E-03
  0.15350E+02  0.13070E-03 -0.77488E-02  0.61644E-03  0.93235E-03  0.22368E-02 -0.10414E-02
  0.15400E+02  0.12266E-03 -0.62393E-02  0.61939E-03 -0.20081E-03  0.22436E-02 -0.10492E-02
  0.15450E+02  0.11508E-03 -0.60301E-02  0.62181E-03  0.16733E-03  0.22508E-02 -0.48824E-03
  0.15500E+02  0.10795E-03 -0.60289E-02  0.62371E-03  0.15561E-02  0.22583E-02 -0.38318E-03
  0.15550E+02  0.10127E-03 -0.70617E-02  0.62512E-03  0.10261E-02  0.22662E-02 -0.99835E-03
  0.15600E+02  0.95036E-04 -0.81315E-02  0.62609E-03 -0.16946E-03  0.22744E-02 -0.14031E-02
  0.15650E+02  0.89223E-04 -0.80298E-02  0.62665E-03 -0.48620E-03  0.22830E-02 -0.15819E-02
  0.15700E+02  0.83812E-04 -0.65991E-02  0.62684E-03 -0.11358E-02  0.22919E-02 -0.16406E-02
  0.15750E+02  0.78780E-04 -0.47788E-02  0.62669E-03 -0.12158E-02  0.23011E-02 -0.15219E-02
  0.15800E+02  0.74100E-04 -0.47074E-02  0.62624E-03 -0.83664E-03  0.23106E-02 -0.12281E-02
  0.15850E+02  0.69746E-04 -0.46282E-02  0.62553E-03 -0.11955E-02  0.23203E-02 -0.29850E-03
  0.15900E+02  0.65690E-04 -0.46554E-02  0.62459E-03 -0.85124E-03  0.23303E-02  0.68517E-03
  0.15950E+02  0.61905E-04 -0.50258E-02  0.62345E-03  0.15795E-03  0.23404E-02  0.10880E-02
  0.16000E+02  0.58361E-04 -0.49637E-02  0.62214E-03 -0.24450E-03  0.23508E-02  0.10893E-02
  0.16050E+02  0.55032E-04 -0.53158E-02  0.62068E-03 -0.15772E-02  0.23613E-02  0.12129E-02
  0.16100E+02  0.51892E-04 -0.62736E-02  0.61909E-03 -0.28105E-02  0.23718E-02  0.18900E-02
  0.16150E+02  0.48918E-04 -0.66579E-02  0.61739E-03 -0.33691E-02  0.23824E-02  0.25654E-02
  0.16200E+02  0.46086E-04 -0.51087E-02  0.61559E-03 -0.29754E-02  0.23930E-02  0.29364E-02
  0.16250E+02  0.43373E-04 -0.16889E-02  0.61371E-03 -0.17301E-02  0.24036E-02  0.30768E-02
  0.16300E+02  0.40761E-04  0.26776E-03  0.61175E-03 -0.75079E-03  0.24141E-02  0.28697E-02
  0.16350E+02  0.38229E-04 -0.37731E-03  0.60971E-03 -0.62164E-03  0.24244E-02  0.29651E-02
  0.16400E+02  0.35760E-04 -0.20477E-02  0.60762E-03 -0.11967E-02  0.24345E-02  0.30592E-02
  0.16450E+02  0.33339E-04 -0.29444E-02  0.60546E-03 -0.23672E-02  0.24444E-02  0.27171E-02
  0.16500E+02  0.30951E-04 -0.28204E-02  0.60325E-03 -0.29859E-02  0.24540E-02  0.24050E-02
  0.16550E+02  0.28581E-04 -0.20229E-02  0.60099E-03 -0.21397E-02  0.24632E-02  0.20114E-02
  0.16600E+02  0.26216E-04 -0.33868E-03  0.59868E-03 -0.13400E-02  0.24721E-02  0.18366E-02
  0.16650E+02  0.23846E-04  0.12575E-02  0.59634E-03 -0.19464E-02  0.24805E-02  0.23063E-02
  0.16700E+02  0.21458E-04  0.20294E-02  0.59397E-03 -0.32928E-02  0.24884E-02  0.26571E-02
  0.16750E+02  0.19044E-04  0.12147E-02  0.59158E-03 -0.41513E-02  0.24958E-02  0.26979E-02
  0.16800E+02  0.16594E-04 -0.82397E-04  0.58917E-03 -0.41258E-02  0.25026E-02  0.27034E-02
  0.16850E+02  0.14099E-04 -0.57414E-03  0.58675E-03 -0.34796E-02  0.25089E-02  0.25019E-02
  0.16900E+02  0.11553E-04 -0.10876E-02  0.58434E-03 -0.25828E-02  0.25145E-02  0.25612E-02
  0.16950E+02  0.89485E-05 -0.68609E-04  0.58195E-03 -0.16270E-02  0.25195E-02  0.33160E-02
  0.17000E+02  0.62800E-05  0.24059E-02  0.57959E-03 -0.14591E-02  0.25237E-02  0.38721E-02
  0.17050E+02  0.35425E-05  0.30425E-02  0.57727E-03 -0.20763E-02  0.25273E-02  0.36922E-02
  0.17100E+02  0.73273E-06  0.18214E-02  0.57500E-03 -0.23073E-02  0.25302E-02  0.33622E-02
  0.17150E+02 -0.21532E-05  0.22492E-02  0.57280E-03 -0.11894E-02  0.25324E-02  0.32585E-02
  0.17200E+02 -0.51171E-05  0.26245E-02  0.57067E-03  0.56659E-05  0.25338E-02  0.31042E-02
  0.17250E+02 -0.81596E-05  0.90551E-03  0.56864E-03  0.84771E-04  0.25344E-02  0.27860E-02
  0.17300E+02 -0.11283E-04  0.35329E-05  0.56671E-03 -0.34845E-03  0.25343E-02  0.25656E-02
  0.17350E+02 -0.14485E-04  0.69998E-03  0.56489E-03 -0.12019E-02  0.25335E-02  0.26553E-02
  0.17400E+02 -0.17767E-04  0.19655E-02  0.56321E-03 -0.17459E-02  0.25319E-02  0.29151E-02
  0.17450E+02 -0.21125E-04  0.25165E-02  0.56166E-03 -0.11054E-02  0.25296E-02  0.30283E-02
  0.17500E+02 -0.24559E-04  0.14593E-02  0.56026E-03  0.59131E-03  0.25266E-02  0.30377E-02
  0.17550E+02 -0.28066E-04  0.10135E-02  0.55903E-03  0.23213E-02  0.25229E-02  0.29166E-02
  0.17600E+02 -0.31642E-04  0.28237E-02  0.55798E-03  0.19629E-02  0.25184E-02  0.27335E-02
  0.17650E+02 -0.35283E-04  0.57828E-02  0.55711E-03  0.65705E-03  0.25133E-02  0.28836E-02
  0.17700E+02 -0.38987E-04  0.77467E-02  0.55643E-03  0.94148E-03  0.25076E-02  0.31839E-02
  0.17750E+02 -0.42749E-04  0.85243E-02  0.55596E-03  0.19590E-02  0.25012E-02  0.32857E-02
  0.17800E+02 -0.46563E-04  0.72670E-02  0.55571E-03  0.21717E-02  0.24942E-02  0.31264E-02
  0.17850E+02 -0.50426E-04  0.44794E-02  0.55569E-03  0.17712E-02  0.24867E-02  0.25586E-02
  0.17900E+02 -0.54333E-04  0.32184E-02  0.55590E-03  0.21997E-02  0.24785E-02  0.20221E-02
  0.17950E+02 -0.58278E-04  0.29387E-02  0.55635E-03  0.34445E-02  0.24699E-02  0.21057E-02
  0.18000E+02 -0.62255E-04  0.31688E-02  0.55705E-03  0.35748E-02  0.24608E-02  0.22499E-02
  0.18050E+02 -0.66260E-04  0.41037E-02  0.55801E-03  0.21687E-02  0.24512E-02  0.18451E-02
  0.18100E+02 -0.70286E-04  0.40071E-02  0.55924E-03  0.14222E-02  0.24411E-02  0.14124E-02
  0.18150E+02 -0.74328E-04  0.19547E-02  0.56073E-03  0.17122E-02  0.24307E-02  0.14087E-02
  0.18200E+02 -0.78380E-04  0.50786E-03  0.56249E-03  0.24006E-02  0.24198E-02  0.15313E-02
  0.18250E+02 -0.82436E-04  0.14671E-02  0.56452E-03  0.33437E-02  0.24087E-02  0.12071E-02
  0.18300E+02 -0.86490E-04  0.31595E-02  0.56684E-03  0.39928E-02  0.23971E-02  0.80890E-03
  0.18350E+02 -0.90535E-04  0.32307E-02  0.56942E-03  0.35239E-02  0.23853E-02  0.11188E-02
  0.18400E+02 -0.94567E-04  0.12340E-02  0.57229E-03  0.22874E-02  0.23732E-02  0.13576E-02
  0.18450E+02 -0.98580E-04 -0.74513E-03  0.57542E-03  0.21367E-02  0.23609E-02  0.70531E-03
  0.18500E+02 -0.10257E-03 -0.13826E-02  0.57882E-03  0.28948E-02  0.23483E-02 -0.74753E-04
  0.18550E+02 -0.10652E-03 -0.11865E-02  0.58249E-03  0.24346E-02  0.23354E-02 -0.29071E-03
  0.18600E+02 -0.11044E-03 -0.53979E-03  0.58642E-03  0.92827E-03  0.23224E-02 -0.32803E-03
  0.18650E+02 -0.11432E-03  0.21752E-03  0.59059E-03  0.56365E-03  0.23092E-02 -0.49036E-03
  0.18700E+02 -0.11815E-03  0.11970E-02  0.59501E-03  0.18561E-02  0.22959E-02 -0.44482E-03
  0.18750E+02 -0.12194E-03  0.30122E-02  0.59965E-03  0.34211E-02  0.22823E-02 -0.33162E-03
  0.18800E+02 -0.12566E-03  0.45543E-02  0.60451E-03  0.37905E-02  0.22687E-02 -0.42882E-03
  0.18850E+02 -0.12933E-03  0.44830E-02  0.60958E-03  0.23344E-02  0.22549E-02 -0.37089E-03
  0.18900E+02 -0.13293E-03  0.29117E-02  0.61485E-03  0.52552E-03  0.22410E-02 -0.34397E-03
  0.18950E+02 -0.13647E-03  0.12496E-02  0.62029E-03 -0.36888E-03  0.22270E-02 -0.59682E-03
  0.19000E+02 -0.13993E-03  0.58462E-03  0.62590E-03 -0.25435E-03  0.22129E-02 -0.82906E-03
  0.19050E+02 -0.14332E-03  0.99382E-03  0.63166E-03  0.19740E-03  0.21988E-02 -0.81205E-03
  0.19100E+02 -0.14663E-03  0.15251E-02  0.63755E-03  0.24829E-03  0.21845E-02 -0.90469E-03
  0.19150E+02 -0.14985E-03  0.24473E-02  0.64356E-03  0.48749E-03  0.21702E-02 -0.13075E-02
  0.19200E+02 -0.15299E-03  0.38159E-02  0.64967E-03  0.29839E-03  0.21559E-02 -0.16393E-02
  0.19250E+02 -0.15604E-03  0.50037E-02  0.65587E-03 -0.32589E-04  0.21415E-02 -0.12242E-02
  0.19300E+02 -0.15900E-03  0.44798E-02  0.66214E-03  0.12096E-03  0.21270E-02 -0.76028E-03
  0.19350E+02 -0.16186E-03  0.36224E-02  0.66846E-03  0.63663E-03  0.21126E-02 -0.11150E-02
  0.19400E+02 -0.16462E-03  0.30286E-02  0.67482E-03  0.14898E-03  0.20981E-02 -0.19646E-02
  0.19450E+02 -0.16728E-03  0.25818E-02  0.68121E-03 -0.69567E-03  0.20835E-02 -0.22578E-02
  0.19500E+02 -0.16983E-03  0.15292E-02  0.68760E-03 -0.10582E-02  0.20690E-02 -0.19951E-02
  0.19550E+02 -0.17227E-03  0.78627E-03  0.69399E-03 -0.93933E-03  0.20545E-02 -0.19592E-02
  0.19600E+02 -0.17459E-03  0.10544E-02  0.70036E-03 -0.10609E-02  0.20399E-02 -0.23483E-02
  0.19650E+02 -0.17679E-03  0.15910E-02  0.70670E-03 -0.10057E-02  0.20254E-02 -0.27990E-02
  0.19700E+02 -0.17887E-03  0.13126E-02  0.71300E-03 -0.84454E-03  0.20108E-02 -0.29543E-02
  0.19750E+02 -0.18083E-03  0.27153E-02  0.71925E-03 -0.13608E-02  0.19963E-02 -0.29415E-02
  0.19800E+02 -0.18265E-03  0.45589E-02  0.72543E-03 -0.26954E-02  0.19818E-02 -0.29117E-02
  0.19850E+02 -0.18434E-03  0.49506E-02  0.73153E-03 -0.32838E-02  0.19673E-02 -0.29995E-02
  0.19900E+02 -0.18589E-03  0.37605E-02  0.73755E-03 -0.30413E-02  0.19529E-02 -0.31423E-02
  0.19950E+02  0.00000E+00 -0.00000E+00  0.00000E+00 -0.00000E+00  0.00000E+00 -0.00000E+00
