           1   0.00000000       0.00000000       1.00000000    
           2   7.49999983E-03  0.999999940       1.02653813    
           3   2.99999975E-02  0.999999821       1.00087488    
           4   5.99999949E-02   1.00000012      0.998736322    
           5   8.99999961E-02   1.00000000      0.999924242    
           6  0.119999990      0.999999881       1.00007296    
           7  0.149999991       1.00000000      0.999984980    
           8  0.179999992       1.00000000      0.999765813    
           9  0.209999993      0.999999881      0.999802232    
          10  0.239999995      0.999999881      0.999671757    
          11  0.270000011       1.00000083      0.999642372    
          12  0.300000012      0.999999225      0.999574065    
          13  0.330000013       1.00000119      0.999441147    
          14  0.360000014      0.999999046      0.999290168    
          15  0.390000015       1.00000107      0.999188423    
          16  0.420000017      0.999999166      0.999053836    
          17  0.450000018       1.00000131      0.998920202    
          18  0.480000019      0.999998510      0.998785973    
          19  0.509999990       1.00000036      0.998623312    
          20  0.539999962      0.999999702      0.998469293    
          21  0.569999933      0.999999881      0.998291969    
          22  0.599999905       1.00000000      0.998103440    
          23  0.629999876       1.00000024      0.997903526    
          24  0.659999847      0.999999940      0.997706771    
          25  0.689999819       1.00000012      0.997498453    
          26  0.719999790      0.999999821      0.997271538    
          27  0.749999762      0.999999702      0.997040451    
          28  0.779999733       1.00000000      0.996799052    
          29  0.809999704      0.999999940      0.996543944    
          30  0.839999676       1.00000048      0.996286809    
          31  0.869999647      0.999999762      0.996012807    
          32  0.899999619      0.999999583      0.995738268    
          33  0.929999590      0.999999940      0.995451510    
          34  0.959999561       1.00000036      0.995153427    
          35  0.989999533       1.00000036      0.994845688    
          36   1.01999950      0.999999344      0.994529366    
          37   1.04999948       1.00000060      0.994202733    
          38   1.07999945      0.999999404      0.993864775    
          39   1.10999942       1.00000048      0.993523538    
          40   1.13999939      0.999999702      0.993169844    
          41   1.16999936       1.00000000      0.992809176    
          42   1.19999933       1.00000000      0.992432952    
          43   1.22999930      0.999999523      0.992049396    
          44   1.25999928      0.999999940      0.991656780    
          45   1.28999925       1.00000000      0.991258442    
          46   1.31999922       1.00000036      0.990846992    
          47   1.34999919       1.00000036      0.990429103    
          48   1.37999916      0.999999940      0.989998996    
          49   1.40999913      0.999999285      0.989563227    
          50   1.43999910       1.00000095      0.989116609    
          51   1.46999907      0.999999940      0.988658249    
          52   1.49999905      0.999998808      0.988194168    
          53   1.52999902       1.00000060      0.987720609    
          54   1.55999899       1.00000060      0.987234950    
          55   1.58999896      0.999998927      0.986741185    
          56   1.61999893       1.00000095      0.986237466    
          57   1.64999890      0.999999523      0.985726833    
          58   1.67999887      0.999999464      0.985206366    
          59   1.70999885       1.00000048      0.984674692    
          60   1.73999882       1.00000036      0.984136939    
          61   1.76999879       1.00000000      0.983589292    
          62   1.79999876      0.999999583      0.983030081    
          63   1.82999873      0.999999940      0.982464075    
          64   1.85999870       1.00000072      0.981888235    
          65   1.88999867      0.999998510      0.981302977    
          66   1.91999865       1.00000072      0.980709136    
          67   1.94999862      0.999999285      0.980105937    
          68   1.97999859       1.00000131      0.979492784    
          69   2.00999856      0.999999344      0.978871047    
          70   2.03999853      0.999989152      0.978241265    
          71   2.06999850       1.00001109      0.977602065    
          72   2.09999847      0.999991536      0.976953566    
          73   2.12999845       1.00000763      0.976295590    
          74   2.15999842      0.999993205      0.975629985    
          75   2.18999839       1.00000608      0.974953771    
          76   2.21999836      0.999991894      0.974269331    
          77   2.24999833       1.00000834      0.973575890    
          78   2.27999830      0.999991834      0.972873628    
          79   2.30999827       1.00000894      0.972162187    
          80   2.33999825      0.999990284      0.971442163    
          81   2.36999822       1.00000942      0.970712006    
          82   2.39999819      0.999993563      0.969973862    
          83   2.42999816       1.00000536      0.969228208    
          84   2.45999813      0.999993801      0.968472004    
          85   2.48999810       1.00000596      0.967706561    
          86   2.51999807      0.999993324      0.966933310    
          87   2.54999804       1.00000656      0.966150880    
          88   2.57999802      0.999989688      0.965360284    
          89   2.60999799       1.00001013      0.964560211    
          90   2.63999796      0.999994636      0.963751972    
          91   2.66999793       1.00000441      0.962934494    
          92   2.69999790      0.999991953      0.962108254    
          93   2.72999787       1.00000918      0.961272776    
          94   2.75999784      0.999990880      0.960429668    
          95   2.78999782       1.00000751      0.959576964    
          96   2.81999779      0.999989331      0.958716989    
          97   2.84999776       1.00001049      0.957846999    
          98   2.87999773      0.999989092      0.956969023    
          99   2.90999770       1.00001001      0.956081808    
         100   2.93999767      0.999995053      0.955186546    
         101   2.96999764       1.00000596      0.954283118    
         102   2.99999762      0.999994099      0.953370273    
         103   3.02999759       1.00000691      0.952449024    
         104   3.05999756      0.999990940      0.951519787    
         105   3.08999753       1.00000894      0.950581253    
         106   3.11999750      0.999992371      0.949634612    
         107   3.14999747       1.00000751      0.948679745    
         108   3.17999744      0.999991596      0.947716594    
         109   3.20999742       1.00000608      0.946744263    
         110   3.23999739      0.999987900      0.945764124    
         111   3.26999736       1.00001287      0.944774866    
         112   3.29999733      0.999992192      0.943778038    
         113   3.32999730       1.00000858      0.942772925    
         114   3.35999727      0.999996185      0.941758931    
         115   3.38999724       1.00000274      0.940736532    
         116   3.41999722      0.999992728      0.939706266    
         117   3.44999719       1.00000620      0.938667536    
         118   3.47999716      0.999991238      0.937620580    
         119   3.50999713       1.00000942      0.936565518    
         120   3.53999710      0.999989808      0.935502410    
         121   3.56999707       1.00001001      0.934430838    
         122   3.59999704      0.999992609      0.933351338    
         123   3.62999701       1.00000727      0.932263792    
         124   3.65999699      0.999992132      0.931167483    
         125   3.68999696       1.00000775      0.930063784    
         126   3.71999693      0.999990821      0.928951263    
         127   3.74999690       1.00001061      0.927831292    
         128   3.77999687      0.999991119      0.926702976    
         129   3.80999684       1.00000727      0.925566912    
         130   3.83999681      0.999991357      0.924422622    
         131   3.86999679       1.00000715      0.923270464    
         132   3.89999676      0.999994397      0.922110200    
         133   3.92999673       1.00000691      0.920942307    
         134   3.95999670      0.999990582      0.919766307    
         135   3.98999667       1.00001061      0.918582678    
         136   4.01999712       1.00001574      0.917391181    
         137   4.04999733      0.999984503      0.916191757    
         138   4.07999754       1.00001264      0.914984465    
         139   4.10999775      0.999987483      0.913769305    
         140   4.13999796       1.00001729      0.912546635    
         141   4.16999817      0.999982893      0.911316335    
         142   4.19999838       1.00001442      0.910078168    
         143   4.22999859      0.999983370      0.908832192    
         144   4.25999880       1.00001395      0.907578707    
         145   4.28999901      0.999987304      0.906317711    
         146   4.31999922       1.00001705      0.905049086    
         147   4.34999943      0.999982059      0.903772712    
         148   4.37999964       1.00001323      0.902488768    
         149   4.40999985      0.999988019      0.901197374    
         150   4.44000006       1.00001287      0.899898469    
         151   4.47000027      0.999987245      0.898592174    
         152   4.50000048       1.00001979      0.897278368    
         153   4.53000069      0.999979377      0.895957112    
         154   4.56000090       1.00001729      0.894628584    
         155   4.59000111      0.999983847      0.893292546    
         156   4.62000132       1.00000989      0.891949296    
         157   4.65000153      0.999992073      0.890598595    
         158   4.68000174       1.00001550      0.889240682    
         159   4.71000195      0.999980867      0.887875378    
         160   4.74000216       1.00001311      0.886502981    
         161   4.77000237      0.999986887      0.885123312    
         162   4.80000257       1.00002205      0.883736551    
         163   4.83000278      0.999978185      0.882342577    
         164   4.86000299       1.00001788      0.880941391    
         165   4.89000320      0.999985754      0.879533410    
         166   4.92000341       1.00001216      0.878118217    
         167   4.95000362      0.999984384      0.876695693    
         168   4.98000383       1.00002050      0.875266433    
         169   5.01000404      0.999983132      0.873830199    
         170   5.04000425       1.00001669      0.872386873    
         171   5.07000446      0.999981821      0.870936692    
         172   5.10000467       1.00001299      0.869479597    
         173   5.13000488      0.999987066      0.868015707    
         174   5.16000509       1.00002074      0.866544843    
         175   5.19000530      0.999979496      0.865067124    
         176   5.22000551       1.00001860      0.863582909    
         177   5.25000572      0.999983072      0.862091660    
         178   5.28000593       1.00000918      0.860593796    
         179   5.31000614      0.999989450      0.859089255    
         180   5.34000635       1.00001037      0.857577920    
         181   5.37000656      0.999989748      0.856060147    
         182   5.40000677       1.00001597      0.854535639    
         183   5.43000698      0.999984205      0.853004694    
         184   5.46000719       1.00001836      0.851467013    
         185   5.49000740      0.999981642      0.849922836    
         186   5.52000761       1.00001109      0.848372340    
         187   5.55000782      0.999989033      0.846815109    
         188   5.58000803       1.00001490      0.845251679    
         189   5.61000824      0.999985158      0.843681872    
         190   5.64000845       1.00001729      0.842105627    
         191   5.67000866      0.999984145      0.840523005    
         192   5.70000887       1.00002086      0.838934004    
         193   5.73000908      0.999976754      0.837338865    
         194   5.76000929       1.00001657      0.835737586    
         195   5.79000950      0.999987364      0.834129930    
         196   5.82000971       1.00001752      0.832516193    
         197   5.85000992      0.999977708      0.830896318    
         198   5.88001013       1.00001466      0.829270184    
         199   5.91001034      0.999987841      0.827638030    
         200   5.94001055       1.00001681      0.825999856    
         201   5.97001076      0.999980927      0.824355602    
         202   6.00001097       1.00002122      0.822705448    
         203   6.03001118      0.999983609      0.821049333    
         204   6.06001139       1.00002074      0.819387317    
         205   6.09001160      0.999979436      0.817719281    
         206   6.12001181       1.00001585      0.816045403    
         207   6.15001202      0.999979794      0.814365864    
         208   6.18001223       1.00002217      0.812680423    
         209   6.21001244      0.999982357      0.810989261    
         210   6.24001265       1.00000429      0.809292316    
         211   6.27001286      0.999993503      0.807589710    
         212   6.30001307       1.00002134      0.805881381    
         213   6.33001328      0.999976695      0.804167449    
         214   6.36001348       1.00000834      0.802448094    
         215   6.39001369      0.999993742      0.800723016    
         216   6.42001390       1.00001442      0.798992395    
         217   6.45001411      0.999983668      0.797256410    
         218   6.48001432       1.00002015      0.795514882    
         219   6.51001453      0.999981999      0.793767810    
         220   6.54001474       1.00001383      0.792015433    
         221   6.57001495      0.999986231      0.790257752    
         222   6.60001516       1.00002527      0.788494647    
         223   6.63001537      0.999976873      0.786726356    
         224   6.66001558       1.00001144      0.784952760    
         225   6.69001579      0.999984801      0.783173919    
         226   6.72001600       1.00002253      0.781389952    
         227   6.75001621      0.999981344      0.779600739    
         228   6.78001642       1.00002027      0.777806401    
         229   6.81001663      0.999976218      0.776007116    
         230   6.84001684       1.00001812      0.774202704    
         231   6.87001705      0.999983788      0.772393167    
         232   6.90001726       1.00001419      0.770578742    
         233   6.93001747      0.999984086      0.768759310    
         234   6.96001768       1.00001752      0.766935170    
         235   6.99001789      0.999984324      0.765106022    
         236   7.02001810       1.00001895      0.763271987    
         237   7.05001831      0.999982893      0.761433125    
         238   7.08001852       1.00001013      0.759589612    
         239   7.11001873      0.999989927      0.757741213    
         240   7.14001894       1.00001001      0.755888283    
         241   7.17001915      0.999988437      0.754030585    
         242   7.20001936       1.00001466      0.752168179    
         243   7.23001957      0.999985337      0.750301301    
         244   7.26001978       1.00001287      0.748429775    
         245   7.29001999      0.999983966      0.746553898    
         246   7.32002020       1.00000632      0.744673371    
         247   7.35002041      0.999996901      0.742788374    
         248   7.38002062       1.00001550      0.740899026    
         249   7.41002083      0.999984503      0.739005327    
         250   7.44002104       1.00001538      0.737107158    
         251   7.47002125      0.999984860      0.735204816    
         252   7.50002146       1.00001502      0.733298063    
         253   7.53002167      0.999981999      0.731387138    
         254   7.56002188       1.00002074      0.729472160    
         255   7.59002209      0.999979377      0.727552772    
         256   7.62002230       1.00001454      0.725629330    
         257   7.65002251      0.999988437      0.723701894    
         258   7.68002272       1.00001442      0.721770346    
         259   7.71002293      0.999988556      0.719834745    
         260   7.74002314       1.00001419      0.717895210    
         261   7.77002335      0.999980271      0.715951741    
         262   7.80002356       1.00001943      0.714004338    
         263   7.83002377      0.999980628      0.712053061    
         264   7.86002398       1.00002193      0.710097969    
         265   7.89002419      0.999978185      0.708139002    
         266   7.92002439       1.00001884      0.706176341    
         267   7.95002460      0.999981225      0.704209924    
         268   7.98002481       1.00001597      0.702239811    
         269   8.01002407      0.999926031      0.700266123    
         270   8.04002380       1.00008905      0.698288858    
         271   8.07002354      0.999895811      0.696307957    
         272   8.10002327       1.00010598      0.694323480    
         273   8.13002300      0.999907613      0.692335486    
         274   8.16002274       1.00009167      0.690344095    
         275   8.19002247      0.999898851      0.688349247    
         276   8.22002220       1.00009787      0.686351061    
         277   8.25002193      0.999910295      0.684349477    
         278   8.28002167       1.00009143      0.682344556    
         279   8.31002140      0.999909163      0.680336297    
         280   8.34002113       1.00008774      0.678324938    
         281   8.37002087      0.999903202      0.676310182    
         282   8.40002060       1.00010562      0.674292386    
         283   8.43002033      0.999899805      0.672271490    
         284   8.46002007       1.00010180      0.670247495    
         285   8.49001980      0.999896467      0.668220282    
         286   8.52001953       1.00009346      0.666190207    
         287   8.55001926      0.999909520      0.664157152    
         288   8.58001900       1.00008976      0.662121117    
         289   8.61001873      0.999908507      0.660082161    
         290   8.64001846       1.00010669      0.658040345    
         291   8.67001820      0.999882638      0.655995786    
         292   8.70001793       1.00010085      0.653948367    
         293   8.73001766      0.999899864      0.651898146    
         294   8.76001740       1.00010824      0.649845243    
         295   8.79001713      0.999894679      0.647789657    
         296   8.82001686       1.00010467      0.645731509    
         297   8.85001659      0.999902546      0.643670619    
         298   8.88001633       1.00009465      0.641607285    
         299   8.91001606      0.999906003      0.639541268    
         300   8.94001579       1.00008905      0.637472987    
         301   8.97001553      0.999913573      0.635402143    
         302   9.00001526       1.00008583      0.633328855    
         303   9.03001499      0.999914765      0.631253183    
         304   9.06001472       1.00009704      0.629175186    
         305   9.09001446      0.999893308      0.627094924    
         306   9.12001419       1.00009167      0.625012338    
         307   9.15001392      0.999914885      0.622927547    
         308   9.18001366       1.00009656      0.620840609    
         309   9.21001339      0.999900043      0.618751466    
         310   9.24001312       1.00009131      0.616660357    
         311   9.27001286      0.999901354      0.614566982    
         312   9.30001259       1.00010586      0.612471581    
         313   9.33001232      0.999898672      0.610374331    
         314   9.36001205       1.00010836      0.608275115    
         315   9.39001179      0.999888420      0.606173873    
         316   9.42001152       1.00010705      0.604070723    
         317   9.45001125      0.999905050      0.601965785    
         318   9.48001099       1.00009048      0.599859059    
         319   9.51001072      0.999898732      0.597750485    
         320   9.54001045       1.00009680      0.595640242    
         321   9.57001019      0.999907434      0.593528390    
         322   9.60000992       1.00009191      0.591414750    
         323   9.63000965      0.999915838      0.589299560    
         324   9.66000938       1.00009084      0.587182701    
         325   9.69000912      0.999898851      0.585064471    
         326   9.72000885       1.00011122      0.582944572    
         327   9.75000858      0.999885857      0.580823302    
         328   9.78000832       1.00010991      0.578700483    
         329   9.81000805      0.999894261      0.576576471    
         330   9.84000778       1.00008762      0.574450910    
         331   9.87000751      0.999916434      0.572324216    
         332   9.90000725       1.00009692      0.570196033    
         333   9.93000698      0.999896824      0.568066716    
         334   9.96000671       1.00009573      0.565936148    
         335   9.99000645      0.999911666      0.563804507    
         336   10.0200062       1.00008774      0.561671734    
         337   10.0500059      0.999912679      0.559537768    
         338   10.0800056       1.00008345      0.557402849    
         339   10.1100054      0.999917030      0.555266857    
         340   10.1400051       1.00007915      0.553129971    
         341   10.1700048      0.999908149      0.550992072    
         342   10.2000046       1.00009775      0.548853338    
         343   10.2300043      0.999902785      0.546713650    
         344   10.2600040       1.00010300      0.544573247    
         345   10.2900038      0.999903917      0.542431951    
         346   10.3200035       1.00009871      0.540289938    
         347   10.3500032      0.999901831      0.538147211    
         348   10.3800030       1.00009441      0.536003888    
         349   10.4100027      0.999902904      0.533859789    
         350   10.4400024       1.00009024      0.531715214    
         351   10.4700022      0.999907136      0.529570043    
         352   10.5000019       1.00009227      0.527424335    
         353   10.5300016      0.999911308      0.525278151    
         354   10.5600014       1.00009727      0.523131430    
         355   10.5900011      0.999906242      0.520984471    
         356   10.6200008       1.00009322      0.518836975    
         357   10.6500006      0.999895334      0.516689181    
         358   10.6800003       1.00010097      0.514541090    
         359   10.7100000      0.999896526      0.512392759    
         360   10.7399998       1.00010288      0.510244131    
         361   10.7699995      0.999900639      0.508095443    
         362   10.7999992       1.00009298      0.505946457    
         363   10.8299990      0.999907434      0.503797472    
         364   10.8599987       1.00010061      0.501648307    
         365   10.8899984      0.999905586      0.499499261    
         366   10.9199982       1.00008535      0.497350007    
         367   10.9499979      0.999917924      0.495200932    
         368   10.9799976       1.00007594      0.493051767    
         369   11.0099974      0.999910474      0.490902841    
         370   11.0399971       1.00010574      0.488753974    
         371   11.0699968      0.999897599      0.486605346    
         372   11.0999966       1.00009084      0.484456897    
         373   11.1299963      0.999912322      0.482308596    
         374   11.1599960       1.00008166      0.480160832    
         375   11.1899958      0.999913275      0.478013128    
         376   11.2199955       1.00009692      0.475865990    
         377   11.2499952      0.999914229      0.473719150    
         378   11.2799950       1.00008798      0.471572727    
         379   11.3099947      0.999893963      0.469426841    
         380   11.3399944       1.00009763      0.467281401    
         381   11.3699942      0.999916077      0.465136498    
         382   11.3999939       1.00008082      0.462992221    
         383   11.4299936      0.999916911      0.460848480    
         384   11.4599934       1.00010324      0.458705395    
         385   11.4899931      0.999907553      0.456562996    
         386   11.5199928       1.00009453      0.454421401    
         387   11.5499926      0.999911010      0.452280492    
         388   11.5799923       1.00009096      0.450140387    
         389   11.6099920      0.999899328      0.448001027    
         390   11.6399918       1.00010014      0.445862710    
         391   11.6699915      0.999890387      0.443725109    
         392   11.6999912       1.00009906      0.441588521    
         393   11.7299910      0.999891520      0.439452887    
         394   11.7599907       1.00009799      0.437318206    
         395   11.7899904      0.999912143      0.435184628    
         396   11.8199902       1.00008249      0.433052063    
         397   11.8499899      0.999913037      0.430920660    
         398   11.8799896       1.00011051      0.428790361    
         399   11.9099894      0.999889970      0.426661313    
         400   11.9399891       1.00010943      0.424533397    
         401   11.9699888      0.999895871      0.422406852    
         402   11.9999886       1.00009894      0.420281380    
         403   12.0299883      0.999906301      0.418157369    
         404   12.0599880       1.00010729      0.416034639    
         405   12.0899878      0.999888599      0.413913369    
         406   12.1199875       1.00007844      0.411793411    
         407   12.1499872      0.999931097      0.409675002    
         408   12.1799870       1.00009143      0.407558054    
         409   12.2099867      0.999895334      0.405442655    
         410   12.2399864       1.00008595      0.403328717    
         411   12.2699862      0.999909878      0.401216418    
         412   12.2999859       1.00008965      0.399105698    
         413   12.3299856      0.999910712      0.396996647    
         414   12.3599854       1.00009322      0.394889355    
         415   12.3899851      0.999907136      0.392783761    
         416   12.4199848       1.00008798      0.390679985    
         417   12.4499846      0.999894977      0.388577878    
         418   12.4799843       1.00012195      0.386477649    
         419   12.5099840      0.999895930      0.384379238    
         420   12.5399837       1.00010347      0.382282794    
         421   12.5699835      0.999897003      0.380188197    
         422   12.5999832       1.00008535      0.378095597    
         423   12.6299829      0.999923408      0.376004934    
         424   12.6599827       1.00007617      0.373916417    
         425   12.6899824      0.999907315      0.371829808    
         426   12.7199821       1.00010478      0.369745404    
         427   12.7499819      0.999879003      0.367663026    
         428   12.7799816       1.00012040      0.365582883    
         429   12.8099813      0.999917328      0.363504857    
         430   12.8399811       1.00007808      0.361429095    
         431   12.8699808      0.999926269      0.359355539    
         432   12.8999805       1.00006509      0.357284307    
         433   12.9299803      0.999910712      0.355215311    
         434   12.9599800       1.00010097      0.353148669    
         435   12.9899797      0.999907553      0.351084501    
         436   13.0199795       1.00007594      0.349022657    
         437   13.0499792      0.999900460      0.346963316    
         438   13.0799789       1.00009513      0.344906390    
         439   13.1099787      0.999925017      0.342851967    
         440   13.1399784       1.00009429      0.340800077    
         441   13.1699781      0.999902248      0.338750839    
         442   13.1999779       1.00010121      0.336704075    
         443   13.2299776      0.999899209      0.334660023    
         444   13.2599773       1.00008488      0.332618535    
         445   13.2899771      0.999904037      0.330579817    
         446   13.3199768       1.00010324      0.328543752    
         447   13.3499765      0.999923885      0.326510549    
         448   13.3799763       1.00009847      0.324479997    
         449   13.4099760      0.999871790      0.322452366    
         450   13.4399757       1.00012755      0.320427448    
         451   13.4699755      0.999895334      0.318405509    
         452   13.4999752       1.00008190      0.316386431    
         453   13.5299749      0.999933302      0.314370275    
         454   13.5599747       1.00007379      0.312357098    
         455   13.5899744      0.999911904      0.310346842    
         456   13.6199741       1.00008047      0.308339715    
         457   13.6499739      0.999901712      0.306335539    
         458   13.6799736       1.00011230      0.304334521    
         459   13.7099733      0.999891698      0.302336544    
         460   13.7399731       1.00011134      0.300341755    
         461   13.7699728      0.999899805      0.298350096    
         462   13.7999725       1.00009608      0.296361625    
         463   13.8299723      0.999893606      0.294376343    
         464   13.8599720       1.00008476      0.292394429    
         465   13.8899717      0.999915600      0.290415674    
         466   13.9199715       1.00010848      0.288440317    
         467   13.9499712      0.999888480      0.286468208    
         468   13.9799709       1.00011098      0.284499526    
         469   14.0099707      0.999889433      0.282534212    
         470   14.0399704       1.00009286      0.280572355    
         471   14.0699701      0.999910951      0.278613895    
         472   14.0999699       1.00008869      0.276658922    
         473   14.1299696      0.999925256      0.274707466    
         474   14.1599693       1.00008118      0.272759467    
         475   14.1899691      0.999905646      0.270815164    
         476   14.2199688       1.00009060      0.268874317    
         477   14.2499685      0.999919832      0.266937166    
         478   14.2799683       1.00007653      0.265003592    
         479   14.3099680      0.999927104      0.263073713    
         480   14.3399677       1.00007582      0.261147529    
         481   14.3699675      0.999924481      0.259225070    
         482   14.3999672       1.00008500      0.257306337    
         483   14.4299669      0.999898970      0.255391389    
         484   14.4599667       1.00008750      0.253480226    
         485   14.4899664      0.999909520      0.251572907    
         486   14.5199661       1.00010288      0.249669388    
         487   14.5499659      0.999894261      0.247769803    
         488   14.5799656       1.00011480      0.245874062    
         489   14.6099653      0.999898374      0.243982330    
         490   14.6399651       1.00010121      0.242094427    
         491   14.6699648      0.999911726      0.240210608    
         492   14.6999645       1.00007534      0.238330722    
         493   14.7299643      0.999912441      0.236454949    
         494   14.7599640       1.00009334      0.234583125    
         495   14.7899637      0.999888361      0.232715368    
         496   14.8199635       1.00009263      0.230851799    
         497   14.8499632      0.999901533      0.228992283    
         498   14.8799629       1.00012255      0.227136999    
         499   14.9099627      0.999890149      0.225285828    
         500   14.9399624       1.00010324      0.223438874    
         501   14.9699621      0.999897122      0.221596092    
         502   14.9999619       1.00008440      0.219757661    
         503   15.0299616      0.999915898      0.217923433    
         504   15.0599613       1.00009573      0.216093495    
         505   15.0899611      0.999916553      0.214267865    
         506   15.1199608       1.00008297      0.212446630    
         507   15.1499605      0.999917209      0.210629672    
         508   15.1799603       1.00008821      0.208817184    
         509   15.2099600      0.999900341      0.207009017    
         510   15.2399597       1.00009346      0.205205381    
         511   15.2699594      0.999924362      0.203406096    
         512   15.2999592       1.00008690      0.201611370    
         513   15.3299589      0.999884546      0.199821055    
         514   15.3599586       1.00009775      0.198035270    
         515   15.3899584      0.999914110      0.196254134    
         516   15.4199581       1.00009692      0.194477454    
         517   15.4499578      0.999903381      0.192705408    
         518   15.4799576       1.00009048      0.190937921    
         519   15.5099573      0.999921083      0.189175144    
         520   15.5399570       1.00008416      0.187416926    
         521   15.5699568      0.999899268      0.185663477    
         522   15.5999565       1.00009477      0.183914632    
         523   15.6299562      0.999911070      0.182170555    
         524   15.6599560       1.00008845      0.180431172    
         525   15.6899557      0.999911845      0.178696588    
         526   15.7199554       1.00008774      0.176966712    
         527   15.7499552      0.999912500      0.175241664    
         528   15.7799549       1.00008714      0.173521414    
         529   15.8099546      0.999907732      0.171806037    
         530   15.8399544       1.00009727      0.170095488    
         531   15.8699541      0.999897659      0.168389827    
         532   15.8999538       1.00010729      0.166689023    
         533   15.9299536      0.999909103      0.164993182    
         534   15.9599533       1.00009048      0.163302213    
         535   15.9899530      0.999904454      0.161616206    
         536   16.0199547       1.00019026      0.159935117    
         537   16.0499554      0.999805152      0.158259049    
         538   16.0799561       1.00019407      0.156587929    
         539   16.1099567      0.999811828      0.154921904    
         540   16.1399574       1.00018215      0.153260857    
         541   16.1699581      0.999813259      0.151604936    
         542   16.1999588       1.00019121      0.149954066    
         543   16.2299595      0.999809504      0.148308307    
         544   16.2599602       1.00018466      0.146667689    
         545   16.2899609      0.999810874      0.145032138    
         546   16.3199615       1.00018847      0.143401802    
         547   16.3499622      0.999822378      0.141776577    
         548   16.3799629       1.00020218      0.140156582    
         549   16.4099636      0.999778390      0.138541743    
         550   16.4399643       1.00021577      0.136932164    
         551   16.4699650      0.999795020      0.135327786    
         552   16.4999657       1.00018930      0.133728698    
         553   16.5299664      0.999816358      0.132134885    
         554   16.5599670       1.00017309      0.130546317    
         555   16.5899677      0.999832451      0.128963083    
         556   16.6199684       1.00018656      0.127385125    
         557   16.6499691      0.999814093      0.125812545    
         558   16.6799698       1.00021446      0.124245264    
         559   16.7099705      0.999781430      0.122683398    
         560   16.7399712       1.00017905      0.121126853    
         561   16.7699718      0.999807060      0.119575761    
         562   16.7999725       1.00020182      0.118030086    
         563   16.8299732      0.999808490      0.116489761    
         564   16.8599739       1.00020039      0.114954941    
         565   16.8899746      0.999809742      0.113425530    
         566   16.9199753       1.00017059      0.111901626    
         567   16.9499760      0.999825358      0.110383146    
         568   16.9799767       1.00018823      0.108870223    
         569   17.0099773      0.999812484      0.107362755    
         570   17.0399780       1.00016344      0.105860867    
         571   17.0699787      0.999832392      0.104364507    
         572   17.0999794       1.00019479      0.102873661    
         573   17.1299801      0.999805808      0.101388417    
         574   17.1599808       1.00017035       9.99086723E-02
         575   17.1899815      0.999830127       9.84345973E-02
         576   17.2199821       1.00017381       9.69660804E-02
         577   17.2499828      0.999826729       9.55032110E-02
         578   17.2799835       1.00020444       9.40459967E-02
         579   17.3099842      0.999778152       9.25943553E-02
         580   17.3399849       1.00022101       9.11484063E-02
         581   17.3699856      0.999797702       8.97080898E-02
         582   17.3999863       1.00018811       8.82734880E-02
         583   17.4299870      0.999812484       8.68445262E-02
         584   17.4599876       1.00017798       8.54212567E-02
         585   17.4899883      0.999831498       8.40038061E-02
         586   17.5199890       1.00017679       8.25919881E-02
         587   17.5499897      0.999815047       8.11858848E-02
         588   17.5799904       1.00018430       7.97856301E-02
         589   17.6099911      0.999807537       7.83910230E-02
         590   17.6399918       1.00020480       7.70022124E-02
         591   17.6699924      0.999804437       7.56191537E-02
         592   17.6999931       1.00019479       7.42419735E-02
         593   17.7299938      0.999788523       7.28705153E-02
         594   17.7599945       1.00019777       7.15048388E-02
         595   17.7899952      0.999819994       7.01449960E-02
         596   17.8199959       1.00017512       6.87910840E-02
         597   17.8499966      0.999829710       6.74428940E-02
         598   17.8799973       1.00018668       6.61005527E-02
         599   17.9099979      0.999801278       6.47641644E-02
         600   17.9399986       1.00018537       6.34335503E-02
         601   17.9699993      0.999827743       6.21087849E-02
         602   18.0000000       1.00018835       6.07899241E-02
         603   18.0300007      0.999791384       5.94770312E-02
         604   18.0600014       1.00018716       5.81699535E-02
         605   18.0900021      0.999834180       5.68687841E-02
         606   18.1200027       1.00018167       5.55736125E-02
         607   18.1500034      0.999798238       5.42842746E-02
         608   18.1800041       1.00018048       5.30008711E-02
         609   18.2100048      0.999811828       5.17234057E-02
         610   18.2400055       1.00019157       5.04519679E-02
         611   18.2700062      0.999821246       4.91863973E-02
         612   18.3000069       1.00019431       4.79267910E-02
         613   18.3300076      0.999798119       4.66732346E-02
         614   18.3600082       1.00020111       4.54255752E-02
         615   18.3900089      0.999807477       4.41838875E-02
         616   18.4200096       1.00020778       4.29481901E-02
         617   18.4500103      0.999784827       4.17185687E-02
         618   18.4800110       1.00020647       4.04948667E-02
         619   18.5100117      0.999794126       3.92771624E-02
         620   18.5400124       1.00019729       3.80654782E-02
         621   18.5700130      0.999826908       3.68598923E-02
         622   18.6000137       1.00019598       3.56602520E-02
         623   18.6300144      0.999788940       3.44666317E-02
         624   18.6600151       1.00020254       3.32791246E-02
         625   18.6900158      0.999805868       3.20975929E-02
         626   18.7200165       1.00019348       3.09220850E-02
         627   18.7500172      0.999783933       2.97526363E-02
         628   18.7800179       1.00020003       2.85893288E-02
         629   18.8100185      0.999831319       2.74319872E-02
         630   18.8400192       1.00017571       2.62807161E-02
         631   18.8700199      0.999817133       2.51355898E-02
         632   18.9000206       1.00017464       2.39964556E-02
         633   18.9300213      0.999803185       2.28633955E-02
         634   18.9600220       1.00021887       2.17364207E-02
         635   18.9900227      0.999804437       2.06156019E-02
         636   19.0200233       1.00017989       1.95007920E-02
         637   19.0500240      0.999805629       1.83920674E-02
         638   19.0800247       1.00020862       1.72894411E-02
         639   19.1100254      0.999806881       1.61929838E-02
         640   19.1400261       1.00018513       1.51025485E-02
         641   19.1700268      0.999800622       1.40182171E-02
         642   19.2000275       1.00019860       1.29400594E-02
         643   19.2300282      0.999794543       1.18679386E-02
         644   19.2600288       1.00020480       1.08019244E-02
         645   19.2900295      0.999803126       9.74201690E-03
         646   19.3200302       1.00017440       8.68829992E-03
         647   19.3500309      0.999826133       7.64062395E-03
         648   19.3800316       1.00018775       6.59906119E-03
         649   19.4100323      0.999819934       5.56368846E-03
         650   19.4400330       1.00018656       4.53436701E-03
         651   19.4700336      0.999813974       3.51116178E-03
         652   19.5000343       1.00017834       2.49408116E-03
         653   19.5300350      0.999829292       1.48318778E-03
