33

Neutron Scattering Lengths and Cross Sections

Varley F. Sears

AECL Research, Chalk River Laboratories
Chalk River, Ontario, Canada K0J 1J0

1991 November 11

DRAFT


Column	Symbol	Unit	Quantity
1			element
2	Z		atomic number
3	A		mass number
4	I(p)		spin (parity) of the nuclear ground state
5	Atwt 		Atomic weight (C=12)
6	bc	fm	bound coherent scattering length
7	bi	fm	bound incoherent scattering length
8	sc	barn1	bound coherent scattering cross section
9	si	barn	bound incoherent scattering cross section
10	ss	barn	total bound scattering cross section
11	sa	barn	absorption cross section for 2200 m/s neutrons2


(1)	1 barn = 100 fm**2
(2)	E = 25.30 meV, k = 3.494A**-1, lambda = 1.798A

El  Z   A  I(p)     Atwt       bc       bi       sc       si        ss     sa
format(a2,1x,i2,1x,i3,1x,a6,1x,f9.5,4(1x,f8.4),1x,f9.4,1x,e10.3)
********************************************************************************
H   1              1.00797  -3.7390            1.7568  80.2600   82.0200 3.326E-01
        1 1/2(+)   1.00783  -3.7406  25.2740   1.7583  80.2700   82.0300 3.326E-01
        2   1(+)   2.01400   6.6710   4.0400   5.5920   2.0500    7.6400 5.190E-04
        3 1/2(+)   3.01605   4.7920  -1.0400   2.8900   0.1400    3.0300 0.000E+00
He  2              4.00260   3.2600            1.3400   0.0000    1.3400 7.470E-03
        3 1/2(+)   3.01603   5.7400  -2.5000   4.4200   1.6000    6.0000 5.333E+03
        4   0(+)   4.00260   3.2600   0.0000   1.3400   0.0000    1.3400 0.000E+00
Li  3              6.94090  -1.9000            0.4540   0.9200    1.3700 7.050E+01
        6   1(+)   6.01512   2.0000  -1.8900   0.5100   0.4600    0.9700 9.400E+02
        7 3/2(-)   7.01600  -2.2200  -2.4900   0.6190   0.7800    1.4000 4.540E-02
Be  4     3/2(-)   9.01218   7.7900   0.1200   7.6300   0.0018    7.6300 7.600E-03
B   5             10.81003   5.3000            3.5400   1.7000    5.2400 7.670E+02
       10   3(+)  10.01294  -0.1000  -4.7000   0.1440   3.0000    3.1000 3.835E+03
       11 3/2(-)  11.00931   6.6500  -1.3000   5.5600   0.2100    5.7700 5.500E-03
C   6             12.01110   6.6460            5.5500   0.0010    5.5510 3.500E-03
       12   0(+)  12.00000   6.6511   0.0000   5.5590   0.0000    5.5590 3.530E-03
       13 1/2(-)  13.00336   6.1900  -0.5200   4.8100   0.0340    4.8400 1.370E-03
N   7             14.00670   9.3600           11.0100   0.5000   11.5100 1.900E+00
       14   1(+)  14.00307   9.3700   2.0000  11.0300   0.5000   11.5300 1.910E+00
       15 1/2(-)  15.00011   6.4400  -0.0200   5.2100   0.0001    5.2100 2.400E-05
O   8             15.99940   5.8030            4.2320   0.0000    4.2320 1.900E-04
       16   0(+)  15.99492   5.8030   0.0000   4.2320   0.0000    4.2320 1.000E-04
       17 5/2(+)  16.99913   5.7800   0.1800   4.2000   0.0040    4.2000 2.360E-01
       18   0(+)  17.99916   5.8400   0.0000   4.2900   0.0000    4.2900 1.600E-04
F   9     1/2(+)  18.99840   5.6540  -0.0820   4.0170   0.0008    4.0180 9.600E-03
Ne 10             20.17900   4.5660            2.6200   0.0080    2.6280 3.900E-02
       20   0(+)  19.99244   4.6310   0.0000   2.6950   0.0000    2.6950 3.600E-02
       21 3/2(+)  20.99384   6.6600   0.0000   5.6000   0.0500    5.7000 6.700E-01
       22   0(+)  21.99138   3.8700   0.0000   1.8800   0.0000    1.8800 4.600E-02
Na 11     3/2(+)  22.98977   3.5800   3.6500   1.6110   1.6740    3.2850 5.300E-01
Mg 12             24.30500   5.3750            3.6310   0.0800    3.7100 6.300E-02
       24   0(+)  23.98504   5.6600   0.0000   4.0300   0.0000    4.0300 5.000E-02
       25 5/2(+)  24.98584   3.6200   1.4800   1.6500   0.2800    1.9300 1.900E-01
       26   0(+)  25.98259   4.8900   0.0000   3.0000   0.0000    3.0000 3.820E-02
Al 13     5/2(+)  26.98154   3.4490   0.2560   1.4950   0.0082    1.5030 2.310E-01
Si 14             28.08550   4.1534            2.1678   0.0030    2.1710 1.710E-01
       28   0(+)  27.97693   4.1110   0.0000   2.1240   0.0000    2.1240 1.770E-01
       29 1/2(+)  28.97650   4.7000   0.0900   2.7800   0.0010    2.7800 1.010E-01
       30   0(+)  29.97377   4.5800   0.0000   2.6400   0.0000    2.6400 1.070E-01
P  15     1/2(+)  30.97376   5.1300   0.2000   3.3070   0.0050    3.3120 1.720E-01
S  16             32.06600   2.8470            1.0186   0.0070    1.0260 5.300E-01
       32   0(+)  31.97207   2.8040   0.0000   0.9880   0.0000    0.9880 5.400E-01
       33 3/2(+)  32.97146   4.7400   1.5000   2.8000   0.3000    3.1000 5.400E-01
       34   0(+)  33.96787   3.4800   0.0000   1.5200   0.0000    1.5200 2.270E-01
       36   0(+)  35.96708   3.0000   0.0000   1.1000   0.0000    1.1000 1.500E-01
Cl 17             35.45300   9.5770           11.5260   5.3000   16.8000 3.350E+01
       35 3/2(+)  34.96885  11.6500   6.1000  17.0600   4.7000   21.8000 4.410E+01
       37 3/2(+)  36.96590   3.0800   0.1000   1.1900   0.0010    1.1900 4.330E-01
Ar 18             39.94800   1.9090            0.4580   0.2250    0.6830 6.750E-01
       36   0(+)  35.96755  24.9000   0.0000  77.9000   0.0000   77.9000 5.200E+00
       38   0(+)  37.96273   3.5000   0.0000   1.5000   0.0000    1.5000 8.000E-01
       40   0(+)  39.96238   1.8300   0.0000   0.4210   0.0000    0.4210 6.600E-01
K  19             39.09830   3.6700            1.6900   0.2700    1.9600 2.100E+00
       39 3/2(+)  38.96371   3.7400   1.4000   1.7600   0.2500    2.0100 2.100E+00
       40   4(-)  39.97400   3.0000            1.1000   0.5000    1.6000 3.500E+01
       41 3/2(+)  40.96183   2.6900   1.5000   0.9100   0.3000    1.2000 1.460E+00
Ca 20             40.07800   4.7600            2.8500   0.0400    2.8900 4.300E-01
       40   0(+)  39.96259   4.8500   0.0000   2.9600   0.0000    2.9600 4.100E-01
       42   0(+)  41.95862   3.1500   0.0000   1.2500   0.0000    1.2500 6.800E-01
       43 7/2(-)  42.95877   0.2000            0.0050   0.5000    0.5000 6.200E+00
       44   0(+)  43.95548   1.8000   0.0000   0.4100   0.0000    0.4100 8.800E-01
       46   0(+)  45.95369   2.5500   0.0000   0.8200   0.0000    0.8200 7.400E-01
       48   0(+)  47.95253   1.5000   0.0000   0.2800   0.0000    0.2800 1.090E+00
Sc 21     7/2(-)  44.95591  12.2900  -6.0000  19.0000   4.5000   23.5000 2.750E+01
Ti 22             47.88000  -3.4380            1.4850   2.8700    4.3500 6.090E+00
       46   0(+)  45.95263   4.9300   0.0000   3.0500   0.0000    3.0500 5.900E-01
       47 5/2(-)  46.95176   3.6300  -3.5000   1.6600   1.5000    3.2000 1.700E+00
       48   0(+)  47.94795  -6.0800   0.0000   4.6500   0.0000    4.6500 7.840E+00
       49 7/2(-)  48.94787   1.0400   5.1000   0.1400   3.3000    3.4000 2.200E+00
       50   0(+)  49.94479   6.1800   0.0000   4.8000   0.0000    4.8000 1.790E-01
V  23             50.94150  -0.3824            0.0184   5.0800    5.1000 5.080E+00
       50   6(+)  49.94716   7.6000            7.3000   0.5000    7.8000 6.000E+01
       51 7/2(-)  50.94396  -0.4020   6.3500   0.0203   5.0700    5.0900 4.900E+00
Cr 24             51.99600   3.6350            1.6600   1.8300    3.4900 3.050E+00
       50   0(+)  49.94605  -4.5000   0.0000   2.5400   0.0000    2.5400 1.580E+01
       52   0(+)  51.94051   4.9200   0.0000   3.0420   0.0000    3.0420 7.600E-01
       53 3/2(-)  52.94065  -4.2000   6.8700   2.2200   5.9300    8.1500 1.810E+01
       54   0(+)  53.93888   4.5500   0.0000   2.6000   0.0000    2.6000 3.600E-01
Mn 25     5/2(-)  54.93800  -3.7300   1.7900   1.7500   0.4000    2.1500 1.330E+01
Fe 26             55.84700   9.5400           11.4400   0.3800   11.8200 2.560E+00
       54   0(+)  53.93961   4.2000   0.0000   2.2000   0.0000    2.2000 2.250E+00
       56   0(+)  55.93494  10.0300   0.0000  12.6400   0.0000   12.6400 2.590E+00
       57 1/2(-)  56.93540   2.3000            0.6600   0.3000    1.0000 2.480E+00
       58   0(+)  57.93328  15.0000   0.0000  28.0000   0.0000   28.0000 1.280E+00
Co 27     7/2(-)  58.93320   2.7800  -6.2000   0.9700   4.8000    5.8000 3.718E+01
Ni 28             58.67000  10.3000           13.3000   5.2000   18.5000 4.490E+00
       58   0(+)  57.93535  14.4000   0.0000  26.1000   0.0000   26.1000 4.600E+00
       60   0(+)  59.93079   2.8000   0.0000   0.9900   0.0000    0.9900 2.900E+00
       61 3/2(-)  60.93106   7.6000   3.9000   7.2600   1.9000    9.2000 2.500E+00
       62   0(+)  61.92835  -8.7000   0.0000   9.5000   0.0000    9.5000 1.450E+01
       64   0(+)  63.92797  -0.3800   0.0000   0.0180   0.0000    0.0180 1.520E+00
Cu 29             63.54600   7.7180            7.4850   0.5500    8.0300 3.780E+00
       63 3/2(-)  62.92960   6.4300   0.2200   5.2000   0.0060    5.2000 4.500E+00
       65 3/2(-)  64.92779  10.6100   1.7900  14.1000   0.4000   14.5000 2.170E+00
Zn 30             65.39000   5.6800            4.0540   0.0770    4.1310 1.110E+00
       64   0(+)  63.92915   5.2200   0.0000   3.4200   0.0000    3.4200 9.300E-01
       66   0(+)  65.92603   5.9700   0.0000   4.4800   0.0000    4.4800 6.200E-01
       67 5/2(-)  66.92713   7.5600  -1.5000   7.1800   0.2800    7.4600 6.800E+00
       68   0(+)  67.92485   6.0300   0.0000   4.5700   0.0000    4.5700 1.100E+00
       70   0(+)  69.92533   6.0000   0.0000   4.5000   0.0000    4.5000 9.200E-02
Ga 31             69.72300   7.2880            6.6750   0.1600    6.8300 2.750E+00
       69 3/2(-)  68.92558   7.8800  -0.8500   7.8000   0.0910    7.8900 2.180E+00
       71 3/2(-)  70.92470   6.4000  -0.8200   5.1500   0.0840    5.2300 3.610E+00
Ge 32             72.59000   8.1850            8.4200   0.1800    8.6000 2.200E+00
       70   0(+)  69.92425  10.0000   0.0000  12.6000   0.0000   12.6000 3.000E+00
       72   0(+)  71.92208   8.5100   0.0000   9.1000   0.0000    9.1000 8.000E-01
       73 9/2(+)  72.92346   5.0200   3.4000   3.1700   1.5000    4.7000 1.510E+01
       74   0(+)  73.92118   7.5800   0.0000   7.2000   0.0000    7.2000 4.000E-01
       76   0(+)  75.92140   8.2000   0.0000   8.0000   0.0000    8.0000 1.600E-01
As 33     3/2(-)  74.92159   6.5800  -0.6900   5.4400   0.0600    5.5000 4.500E+00
Se 34             78.96000   7.9700            7.9800   0.3200    8.3000 1.170E+01
       74   0(+)  73.92248   0.8000   0.0000   0.1000   0.0000    0.1000 5.180E+01
       76   0(+)  75.91921  12.2000   0.0000  18.7000   0.0000   18.7000 8.500E+01
       77 1/2(-)  76.91991   8.2500   0.0000   8.6000   0.0500    8.6500 4.200E+01
       78   0(+)  77.91730   8.2400   0.0000   8.5000   0.0000    8.5000 4.300E-01
       80   0(+)  79.91652   7.4800   0.0000   7.0300   0.0000    7.0300 6.100E-01
       82   0(+)  81.91670   6.3400   0.0000   5.0500   0.0000    5.0500 4.400E-02
Br 35             79.90400   6.7950            5.8000   0.1000    5.9000 6.900E+00
       79 3/2(-)  78.91834   6.8000  -1.1000   5.8100   0.1500    5.9600 1.100E+01
       81 3/2(-)  80.91629   6.7900   0.6000   5.7900   0.0500    5.8400 2.700E+00
Kr 36             83.80000   7.8100            7.6700   0.0100    7.6800 2.500E+01
       78   0(+)  77.92040            0.0000            0.0000           6.400E+00
       80   0(+)  79.91638            0.0000            0.0000           1.180E+01
       82   0(+)  81.91348            0.0000            0.0000           2.900E+01
       83 9/2(+)  82.91414                                               1.850E+02
       84   0(+)  83.91151            0.0000            0.0000           1.130E-01
       86   0(+)  85.91062            0.0000            0.0000           3.000E-03
Rb 37             85.46780   7.0900            6.3200   0.5000    6.8000 3.800E-01
       85 5/2(-)  84.91179   7.0300            6.2000   0.5000    6.7000 4.800E-01
       87 3/2(-)  86.90919   7.2300            6.6000   0.5000    7.1000 1.200E-01
Sr 38             87.62000   7.0200            6.1900   0.0600    6.2500 1.280E+00
       84   0(+)  83.91343   7.0000   0.0000   6.0000   0.0000    6.0000 8.700E-01
       86   0(+)  85.90927   5.6700   0.0000   4.0400   0.0000    4.0400 1.040E+00
       87 9/2(+)  86.90888   7.4000            6.8800   0.5000    7.4000 1.600E+01
       88   0(+)  87.90562   7.1500   0.0000   6.4200   0.0000    6.4200 5.800E-02
Y  39     1/2(-)  88.90585   7.7500   1.1000   7.5500   0.1500    7.7000 1.280E+00
Zr 40             91.22400   7.1600            6.4400   0.0200    6.4600 1.850E-01
       90   0(+)  89.90470   6.4000   0.0000   5.1000   0.0000    5.1000 1.100E-02
       91 5/2(+)  90.90564   8.7000  -1.0800   9.5000   0.1500    9.7000 1.170E+00
       92   0(+)  91.90504   7.4000   0.0000   6.9000   0.0000    6.9000 2.200E-01
       94   0(+)  93.90631   8.2000   0.0000   8.4000   0.0000    8.4000 4.990E-02
       96   0(+)  95.90828   5.5000   0.0000   3.8000   0.0000    3.8000 2.290E-02
Nb 41     9/2(+)  92.90638   7.0540  -0.1390   6.2530   0.0024    6.2550 1.150E+00
Mo 42             95.94000   6.7150            5.6700   0.0400    5.7100 2.480E+00
       92   0(+)  91.90681   6.9100   0.0000   6.0000   0.0000    6.0000 1.900E-02
       94   0(+)  93.90509   6.8000   0.0000   5.8100   0.0000    5.8100 1.500E-02
       95 5/2(+)  94.90584   6.9100            6.0000   0.5000    6.5000 1.310E+01
       96   0(+)  95.90468   6.2000   0.0000   4.8300   0.0000    4.8300 5.000E-01
       97 5/2(+)  96.90602   7.2400            6.5900   0.5000    7.1000 2.500E+00
       98   0(+)  97.90541   6.5800   0.0000   5.4400   0.0000    5.4400 1.270E-01
      100   0(+)  99.90748   6.7300   0.0000   5.6900   0.0000    5.6900 4.000E-01
Tc 43     9/2(+)  98.90625   6.8000            5.8000   0.5000    6.3000 2.000E+01
Ru 44            101.07000   7.2100            6.5000   0.1000    6.6000 2.560E+00
       96   0(+)  95.90760            0.0000            0.0000           2.800E-01
       98   0(+)  97.90529            0.0000            0.0000           0.000E+00
       99 5/2(+)  98.90594                                               6.900E+00
      100   0(+)  99.90422            0.0000            0.0000           4.800E+00
      101 5/2(+) 100.90558                                               3.300E+00
      102   0(+) 101.90435            0.0000            0.0000           1.170E+00
      104   0(+) 103.90542            0.0000            0.0000           3.100E-01
Rh 45     1/2(-) 102.90550   5.8800            4.3400   0.3000    4.6000 1.448E+02
Pd 46            106.42000   5.9100            4.3900   0.0930    4.4800 6.900E+00
      102   0(+) 101.90563   7.7000   0.0000   7.5000   0.0000    7.5000 3.400E+00
      104   0(+) 103.90403   7.7000   0.0000   7.5000   0.0000    7.5000 6.000E-01
      105 5/2(+) 104.90508   5.5000  -2.6000   3.8000   0.8000    4.6000 2.000E+01
      106   0(+) 105.90348   6.4000   0.0000   5.1000   0.0000    5.1000 3.040E-01
      108   0(+) 107.90390   4.1000   0.0000   2.1000   0.0000    2.1000 8.500E+00
      110   0(+) 109.90517   7.7000   0.0000   7.5000   0.0000    7.5000 2.260E-01
Ag 47            107.86820   5.9220            4.4070   0.5800    4.9900 6.330E+01
      107 1/2(-) 106.90509   7.5550   1.0000   7.1700   0.1300    7.3000 3.760E+01
      109 1/2(-) 108.90476   4.1650  -1.6000   2.1800   0.3200    2.5000 9.100E+01
Cd 48            112.41000   5.1000            3.3000   2.4000    5.7000 2.520E+03
      106   0(+) 105.90646            0.0000            0.0000           1.000E+00
      108   0(+) 107.90418            0.0000            0.0000           1.100E+00
      110   0(+) 109.90301            0.0000            0.0000           1.100E+01
      111 1/2(+) 110.90418                                        5.0000 2.400E+01
      112   0(+) 111.90276   7.4000   0.0000   6.9000   0.0000    6.9000 2.200E+00
      113 1/2(+) 112.90440  -8.0000           12.1000                    2.060E+04
      114   0(+) 113.90336   6.4000   0.0000   5.1000   0.0000    5.1000 3.400E-01
      116   0(+) 115.90475   7.1000   0.0000   6.3000   0.0000    6.3000 7.500E-02
In 49            114.82000   4.0650            2.0800   0.5400    2.6200 1.938E+02
      113 9/2(+) 112.90406   5.3900   0.0000   3.6500   0.0000    3.6500 1.200E+01
      115 9/2(+) 114.90388   4.0100  -2.1000   2.0200   0.5500    2.5700 2.020E+02
Sn 50            118.71000   6.2250            4.8700   0.0220    4.8920 6.260E-01
      112   0(+) 111.90483   6.0000   0.0000   4.5000   0.0000    4.5000 1.000E+00
      114   0(+) 113.90278   6.2000   0.0000   4.8000   0.0000    4.8000 1.140E-01
      115 1/2(+) 114.90335   6.0000            4.5000   0.3000    4.8000 3.000E+01
      116   0(+) 115.90175   6.0000   0.0000   4.5000   0.0000    4.5000 1.400E-01
      117 1/2(+) 116.90296   6.6000            5.5000   0.3000    5.8000 2.300E+00
      118   0(+) 117.90161   6.0000   0.0000   4.5000   0.0000    4.5000 2.200E-01
      119 1/2(+) 118.90331   6.2000            4.8000   0.3000    5.1000 2.200E+00
      120   0(+) 119.90220   6.6000   0.0000   5.5000   0.0000    5.5000 1.400E-01
      122   0(+) 121.90344   5.7000   0.0000   4.1000   0.0000    4.1000 1.800E-01
      124   0(+) 123.90527   6.1000   0.0000   4.7000   0.0000    4.7000 1.330E-01
Sb 51            121.75000   5.5700            3.9000   0.0000    3.9000 4.910E+00
      121 5/2(+) 120.90382   5.7100  -0.0500   4.1000   0.0003    4.1000 5.750E+00
      123 7/2(+) 122.90422   5.3800  -0.1000   3.6400   0.0010    3.6400 3.800E+00
Te 52            127.60000   5.8000            4.2300   0.0900    4.3200 4.700E+00
      120   0(+) 119.90405   5.3000   0.0000   3.5000   0.0000    3.5000 2.300E+00
      122   0(+) 121.90305   3.8000   0.0000   1.8000   0.0000    1.8000 3.400E+00
      123 1/2(+) 122.90427  -0.0500  -2.0400   0.0020   0.5200    0.5200 4.180E+02
      124   0(+) 123.90282   7.9600   0.0000   8.0000   0.0000    8.0000 6.800E+00
      125 1/2(+) 124.90443   5.0200  -0.2600   3.1700   0.0080    3.1800 1.550E+00
      126   0(+) 125.90331   5.5600   0.0000   3.8800   0.0000    3.8800 1.040E+00
      128   0(+) 127.90446   5.8900   0.0000   4.3600   0.0000    4.3600 2.150E-01
      130   0(+) 129.90623   6.0200   0.0000   4.5500   0.0000    4.5500 2.900E-01
I  53     5/2(+) 126.90447   5.2800   1.5800   3.5000   0.3100    3.8100 6.150E+00
Xe 54            131.29000   4.9200            3.0400                    2.390E+01
      124   0(+) 123.90589            0.0000            0.0000           1.650E+02
      126   0(+) 125.90428            0.0000            0.0000           3.500E+00
      128   0(+) 127.90353            0.0000            0.0000           8.000E+00
      129 1/2(+) 128.90478                                               2.100E+01
      130   0(+) 129.90351            0.0000            0.0000           2.600E+01
      131 3/2(+) 130.90507                                               8.500E+01
      132   0(+) 131.90414            0.0000            0.0000           4.500E-01
      134   0(+) 133.90540            0.0000            0.0000           2.650E-01
      136   0(+) 135.90721            0.0000            0.0000           2.600E-01
Cs 55     7/2(+) 132.90543   5.4200   1.2900   3.6900   0.2100    3.9000 2.900E+01
Ba 56            137.33000   5.0700            3.2300   0.1500    3.3800 1.100E+00
      130   0(+) 129.90628  -3.6000   0.0000   1.6000   0.0000    1.6000 3.000E+01
      132   0(+) 131.90504   7.8000   0.0000   7.6000   0.0000    7.6000 7.000E+00
      134   0(+) 133.90449   5.7000   0.0000   4.0800   0.0000    4.0800 2.000E+00
      135 3/2(+) 134.90567   4.6700            2.7400   0.5000    3.2000 5.800E+00
      136   0(+) 135.90455   4.9100   0.0000   3.0300   0.0000    3.0300 6.800E-01
      137 3/2(+) 136.90581   6.8300            5.8600   0.5000    6.4000 3.600E+00
      138   0(+) 137.90523   4.8400   0.0000   2.9400   0.0000    2.9400 2.700E-01
La 57            138.90550   8.2400            8.5300   1.1300    9.6600 8.970E+00
      138   5(+) 137.90711   8.0000            8.0000   0.5000    8.5000 5.700E+01
      139 7/2(+) 138.90635   8.2400   3.0000   8.5300   1.1300    9.6600 8.930E+00
Ce 58            140.12000   4.8400            2.9400   0.0000    2.9400 6.300E-01
      136   0(+) 135.90714   5.8000   0.0000   4.2300   0.0000    4.2300 7.300E+00
      138   0(+) 137.90599   6.7000   0.0000   5.6400   0.0000    5.6400 1.100E+00
      140   0(+) 139.90543   4.8400   0.0000   2.9400   0.0000    2.9400 5.700E-01
      142   0(+) 141.90924   4.7500   0.0000   2.8400   0.0000    2.8400 9.500E-01
Pr 59     5/2(+) 140.90765   4.4500  -0.5400   2.4900   0.0370    2.5300 1.150E+01
Nd 60            144.24000   7.6900            7.4300   9.2000   16.6000 5.050E+01
      142   0(+) 141.90772   7.7000   0.0000   7.5000   0.0000    7.5000 1.870E+01
      143 7/2(-) 142.90981  14.0000  21.0000  25.0000  55.0000   80.0000 3.340E+02
      144   0(+) 143.91008   2.8000   0.0000   1.0000   0.0000    1.0000 3.600E+00
      145 7/2(-) 144.91257  14.0000           25.0000   5.0000   30.0000 4.200E+01
      146   0(+) 145.91311   8.7000   0.0000   9.5000   0.0000    9.5000 1.400E+00
      148   0(+) 147.91689   5.7000   0.0000   4.1000   0.0000    4.1000 2.500E+00
      150   0(+) 149.92089   5.3000   0.0000   3.5000   0.0000    3.5000 1.200E+00
Pm 61     7/2(+) 146.91514  12.6000   3.2000  20.0000   1.3000   21.3000 1.684E+02
Sm 62            150.36000   0.8000            0.4220  39.0000   39.0000 5.922E+03
      144   0(+) 143.91200  -3.0000   0.0000   1.0000   0.0000    1.0000 7.000E-01
      147 7/2(-) 146.91490  14.0000  11.0000  25.0000  14.0000   39.0000 5.700E+01
      148   0(+) 147.91482  -3.0000   0.0000   1.0000   0.0000    1.0000 2.400E+00
      149 7/2(-) 148.91718 -19.2000  31.4000  63.5000 137.0000  200.0000 4.208E+04
      150   0(+) 149.91727  14.0000   0.0000  25.0000   0.0000   25.0000 1.040E+02
      152   0(+) 151.91973  -5.0000   0.0000   3.1000   0.0000    3.1000 2.060E+02
      154   0(+) 153.92221   9.3000   0.0000  11.0000   0.0000   11.0000 8.400E+00
Eu 63            151.96000   7.2200            6.7500   2.5000    9.2000 4.530E+03
      151 5/2(+) 150.91985   6.1300   4.5000   5.5000   3.1000    8.6000 9.100E+03
      153 5/2(+) 152.92123   8.2200   0.0000   8.5000   1.3000    9.8000 3.120E+02
Gd 64            157.25000   6.5000           29.3000 151.0000  180.0000 4.970E+04
      152   0(+) 151.91979  10.0000   0.0000  13.0000   0.0000   13.0000 7.350E+02
      154   0(+) 153.92086  10.0000   0.0000  13.0000   0.0000   13.0000 8.500E+01
      155 3/2(-) 154.92262   6.0000   5.0000  40.8000  25.0000   66.0000 6.110E+04
      156    0(+ 155.92212   6.3000   0.0000   5.0000   0.0000    5.0000 1.500E+00
      157 3/2(-) 156.93396  -1.1400   5.0000 650.0000 394.0000 1044.0000 2.590E+05
      158   0(+) 157.92410   9.0000   0.0000  10.0000   0.0000   10.0000 2.200E+00
      160   0(+) 159.92705   9.1500   0.0000  10.5200   0.0000   10.5200 7.700E-01
Tb 65     3/2(+) 158.92534   7.3800  -0.1700   6.8400   0.0040    6.8400 2.340E+01
Dy 66            162.50000  16.9000           35.9000  54.4000   90.3000 9.940E+02
      156   0(+) 155.92528   6.1000   0.0000   4.7000   0.0000    4.7000 3.300E+01
      158   0(+) 157.92440   6.0000   0.0000   5.0000   0.0000    5.0000 4.300E+01
      160   0(+) 159.92519   6.7000   0.0000   5.6000   0.0000    5.6000 5.600E+01
      161 5/2(+) 160.92693  10.3000   0.0000  13.3000   3.0000   16.0000 6.000E+02
      162   0(+) 161.92680  -1.4000   0.0000   0.2500   0.0000    0.2500 1.940E+02
      163 5/2(-) 162.92873   5.0000   1.3000   3.1000   0.2100    3.3000 1.240E+02
      164   0(+) 163.92917  49.4000   0.0000 307.0000   0.0000  307.0000 2.840E+03
Ho 67     7/2(-) 164.93032   8.0100  -1.7000   8.0600   0.3600    8.4200 6.470E+01
Er 68            167.26000   8.1600            8.3700   0.8000    9.2000 1.590E+02
      162   0(+) 161.92878   7.0000   0.0000   6.0000   0.0000    6.0000 1.900E+01
      164   0(+) 163.92920   8.2000   0.0000   8.4000   0.0000    8.4000 1.300E+01
      166   0(+) 165.93029  10.3000   0.0000  13.3000   0.0000   13.3000 1.960E+01
      167 7/2(+) 166.93205   3.9000   1.0000   1.9100   0.1300    2.0400 6.590E+02
      168   0(+) 167.93237   8.6000   0.0000   9.3000   0.0000    9.3000 2.740E+00
      170   0(+) 169.93546   9.3000   0.0000  10.9000   0.0000   10.9000 5.800E+00
Tm 69     1/2(+) 168.93421   7.0700   0.9000   6.2800   0.1000    6.3800 1.000E+02
Yb 70            173.04000  12.4300           19.4200   4.0000   23.4000 3.480E+01
      168   0(+) 167.93389  -4.0700   0.0000   2.1300   0.0000    2.1300 2.230E+03
      170   0(+) 169.93476   6.7700   0.0000   5.8000   0.0000    5.8000 1.140E+01
      171 1/2(-) 170.93632   9.6600  -5.5900  11.7000   3.9000   15.6000 4.860E+01
      172   0(+) 171.93638   9.4300   0.0000  11.2000   0.0000   11.2000 8.000E-01
      173 5/2(-) 172.93821   9.5600  -5.3000  11.5000   3.5000   15.0000 1.710E+01
      174   0(+) 173.93886  19.3000   0.0000  46.8000   0.0000   46.8000 6.940E+01
      176   0(+) 175.94256   8.7200   0.0000   9.6000   0.0000    9.6000 2.850E+00
Lu 71            174.96700   7.2100            6.5300   0.7000    7.2000 7.400E+01
      175 7/2(+) 174.94077   7.2400   0.0000   6.5900   0.6000    7.2000 2.100E+01
      176   7(-) 175.94268   6.1000   0.0000   4.7000   1.2000    5.9000 2.065E+03
Hf 72            178.49000   7.7700            7.6000   2.6000   10.2000 1.041E+02
      174   0(+) 173.94004  10.9000   0.0000  15.0000   0.0000   15.0000 5.610E+02
      176   0(+) 175.94141   6.6100   0.0000   5.5000   0.0000    5.5000 2.350E+01
      177 7/2(-) 176.94322   0.8000   0.9000   0.1000   0.1000    0.2000 3.730E+02
      178   0(+) 177.94370   5.9000   0.0000   4.4000   0.0000    4.4000 8.400E+01
      179 9/2(+) 178.94581   7.4600   0.0000   7.0000   0.1400    7.1000 4.100E+01
      180   0(+) 179.94655  13.2000   0.0000  21.9000   0.0000   21.9000 1.304E+01
Ta 73            180.94790   6.9100            6.0000   0.0100    6.0100 2.060E+01
      180   9(-) 179.94746   7.0000            6.2000   0.5000    7.0000 5.630E+02
      181 7/2(+) 180.94799   6.9100  -0.2900   6.0000   0.0110    6.0100 2.050E+01
W  74            183.85000   4.8600            2.9700   1.6300    4.6000 1.830E+01
      180   0(+) 179.94670   5.0000   0.0000   3.0000   0.0000    3.0000 3.000E+01
      182   0(+) 181.94820   6.9700   0.0000   6.1000   0.0000    6.1000 2.070E+01
      183 1/2(-) 182.95022   6.5300            5.3600   0.3000    5.7000 1.010E+01
      184   0(+) 183.95093   7.4800   0.0000   7.0300   0.0000    7.0300 1.700E+00
      186   0(+) 185.95436  -0.7200   0.0000   0.0650   0.0000    0.0650 3.790E+01
Re 75            186.20700   9.2000           10.6000   0.9000   11.5000 8.970E+01
      185 5/2(+) 184.95295   9.0000   2.0000  10.2000   0.5000   10.7000 1.120E+02
      187 5/2(+) 186.95574   9.3000   2.8000  10.9000   1.0000   11.9000 7.600E+01
Os 76            190.20000  10.7000           14.4000   0.3000   14.7000 1.600E+01
      184   0(+) 183.95249  10.0000   0.0000  13.0000   0.0000   13.0000 3.000E+03
      186   0(+) 185.95383  11.6000   0.0000  17.0000   0.0000   17.0000 8.000E+01
      187 1/2(-) 186.95574  10.0000           13.0000   0.3000   13.0000 3.200E+02
      188   0(+) 187.95586   7.6000   0.0000   7.3000   0.0000    7.3000 4.700E+00
      189 3/2(-) 188.95814  10.7000           14.4000   0.5000   14.9000 2.500E+01
      190   0(+) 189.95844  11.0000   0.0000  15.2000   0.0000   15.2000 1.310E+01
      192   0(+) 191.96147  11.5000   0.0000  16.6000   0.0000   16.6000 2.000E+00
Ir 77            192.22000  10.6000           14.1000   0.0000   14.0000 4.250E+02
      191 3/2(+) 190.96058                                               9.540E+02
      193 3/2(+) 192.96292                                               1.110E+02
Pt 78            195.08000   9.6000           11.5800   0.1300   11.7100 1.030E+01
      190   0(+) 189.95992   9.0000   0.0000  10.0000   0.0000   10.0000 1.520E+02
      192   0(+) 191.96102   9.9000   0.0000  12.3000   0.0000   12.3000 1.000E+01
      194   0(+) 193.96266  10.5500   0.0000  14.0000   0.0000   14.0000 1.440E+00
      195 1/2(-) 194.96477   8.8300  -1.0000   9.8000   0.1300    9.9000 2.750E+01
      196   0(+) 195.96493   9.8900   0.0000  12.3000   0.0000   12.3000 7.200E-01
      198   0(+) 197.96787   7.8000   0.0000   7.6000   0.0000    7.6000 3.660E+00
Au 79     3/2(+) 196.96654   7.6300  -1.8400   7.3200   0.4300    7.7500 9.865E+01
Hg 80            200.59000  12.6920           20.2400   6.6000   26.8000 3.723E+02
      196   0(+) 195.96581  30.3000   0.0000 115.0000   0.0000  115.0000 3.080E+03
      198   0(+) 197.96674            0.0000            0.0000           2.000E+00
      199 1/2(-) 198.96825  16.9000  15.5000  36.0000  30.0000   66.0000 2.150E+03
      200   0(+) 199.96830            0.0000            0.0000           6.000E+01
      201 3/2(-) 200.97028                                               7.800E+00
      202   0(+) 201.97062            0.0000            0.0000           4.890E+00
      204   0(+) 203.97347            0.0000            0.0000           4.300E-01
Tl 81            204.38300   8.7760            9.6780   0.2100    9.8900 3.430E+00
      203 1/2(+) 202.97232   6.9900   1.0600   6.1400   0.1400    6.2800 1.140E+01
      205 1/2(+) 204.97440   9.5200  -0.2420  11.3900   0.0070   11.4000 1.040E-01
Pb 82            207.20000   9.4050           11.1150   0.0030   11.1180 1.710E-01
      204   0(+) 203.97302  10.6000   0.0000  14.0000   0.0000   14.0000 6.500E-01
      206   0(+) 205.97444   9.2300   0.0000  10.7100   0.0000   10.7100 3.000E-02
      207 1/2(-) 206.97587   9.2800   0.1400  10.8200   0.0020   10.8200 6.990E-01
      208   0(+) 207.97663   9.5000   0.0000  11.3400   0.0000   11.3400 4.800E-04
Bi 83     9/2(-) 208.98037   8.5320   0.2590   9.1480   0.0084    9.1560 3.380E-02
Ra 88       0(+) 226.02540  10.0000   0.0000  13.0000   0.0000   13.0000 1.280E+01
Th 90       0(+) 232.03805  10.5200   0.0000  13.9100   0.0000   13.9100 7.370E+00
Pa 91     3/2(-) 231.03588   9.1000           10.4000   0.1000   10.5000 2.006E+02
U  92            238.02890   8.4170            8.9030   0.0050    8.9080 7.570E+00
      233 5/2(+) 233.03963  10.1000           12.8000   0.1000   12.9000 5.740E+02
      234   0(+) 234.04095  12.4000   0.0000  19.3000   0.0000   19.3000 1.001E+02
      235 7/2(-) 235.04392  10.4700   0.0000  13.7800   0.2000   14.0000 6.809E+02
      238   0(+) 238.05078   8.4020   0.0000   8.8710   0.0000    8.8710 2.680E+00
Np 93     5/2(+) 237.04817  10.5500           14.0000   0.5 E    14.5000 1.759E+02
Pu 94       0(+) 238.04955  14.1000   0.0000  25.0000   0.0000   25.0000 5.580E+02
      239 1/2(+) 239.05216   7.7000            7.5000   0.2000    7.7000 1.017E+03
      240   0(+) 240.05381   3.5000   0.0000   1.5400   0.0000    1.5400 2.896E+02
      242   0(+) 242.05874   8.1000   0.0000   8.2000   0.0000    8.2000 1.850E+01
Am 95     5/2(-) 243.06138   8.3000            8.7000   0.3000    9.0000 7.500E+01
      244   0(+) 244.06275   9.5000   0.0000  11.3000   0.0000   11.3000 1.620E+01
      246   0(+) 246.06722   9.3000   0.0000  10.9000   0.0000   10.9000 1.360E+00
      248   0(+) 248.07234   7.7000   0.0000   7.5000   0.0000    7.5000 3.000E+00
